%OpenBCI Raw EEG Data
%
%Sample Rate = 250.0 Hz
%First Column = SampleIndex
%Other Columns = EEG data in microvolts followed by Accel Data (in G) interleaved with Aux Data
0, 0.00, -182304.16, -187500.02, -187500.02, -187500.02, 0.00, 0.00, 0.00, 0.00, 0.00, 0.00
1, 0.00, -186888.31, -187500.02, -187500.02, -187500.02, 0.00, 0.00, 0.00, 0.00, 0.00, 0.00
2, 0.00, -187500.02, -187500.02, -187500.02, -185979.81, 0.00, 0.00, 0.00, 0.00, 0.00, 0.00
3, 0.00, -187500.02, -187500.02, -187500.02, -187500.02, 0.00, 0.00, 0.00, 0.00, 0.00, 0.00
4, 0.00, -184095.17, -187500.02, -187500.02, -187500.02, 0.00, 0.00, 0.00, 0.00, 0.00, 0.00
5, 0.00, -184557.44, -187500.02, -187500.02, -187500.02, 0.00, 0.00, 0.00, 0.00, 0.00, 0.00
6, 0.00, -187500.02, -187500.02, -187500.02, -187500.02, 0.00, 0.00, 0.00, 0.00, 0.00, 0.00
7, 0.00, -187500.02, -187500.02, -187500.02, -187500.02, 0.00, 0.00, 0.00, 0.00, 0.00, 0.00
8, 0.00, -186475.95, -187500.02, -187500.02, -187500.02, 0.00, 0.00, 0.00, 0.00, 0.00, 0.00
9, 0.00, -182661.89, -187500.02, -187500.02, -187500.02, 0.00, 0.00, 0.00, 0.00, 0.00, 0.00
10, 0.00, -187500.02, -187500.02, -187500.02, -187500.02, 0.00, 0.00, 0.00, 0.00, 0.00, 0.00
11, 0.00, -187500.02, -187500.02, -187500.02, -185998.78, 0.00, 0.00, 0.00, 0.00, 0.00, 0.00
12, 0.00, -187500.02, -187500.02, -187500.02, -187500.02, 0.00, 0.00, 0.00, 0.00, 0.00, 0.00
13, 0.00, -181499.22, -187500.02, -187500.02, -187500.02, 0.00, 0.00, 0.00, 0.00, 0.00, 0.00
14, 0.00, -187500.02, -187500.02, -187500.02, -187500.02, 0.00, 0.00, 0.00, 0.00, 0.00, 0.00
15, 0.00, -187500.02, -187500.02, -187500.02, -184124.88, 0.00, 0.00, 0.00, 0.00, 0.00, 0.00
16, 0.00, -187500.02, -187500.02, -187500.02, -187500.02, 0.00, 0.00, 0.00, 0.00, 0.00, 0.00
17, 0.00, -181111.39, -187500.02, -187500.02, -187500.02, 0.00, 0.00, 0.00, 0.00, 0.00, 0.00
18, 0.00, -187500.02, -187500.02, -187500.02, -187500.02, 0.00, 0.00, 0.00, 0.00, 0.00, 0.00
19, 0.00, -187500.02, -187500.02, -187500.02, -183626.59, 0.00, 0.00, 0.00, 0.00, 0.00, 0.00
20, 0.00, -187500.02, -187500.02, -187500.02, -187500.02, 0.00, 0.00, 0.00, 0.00, 0.00, 0.00
21, 0.00, -181541.78, -187500.02, -187500.02, -187500.02, 0.00, 0.00, 0.00, 0.00, 0.00, 0.00
22, 0.00, -187500.02, -187500.02, -187500.02, -187500.02, 0.00, 0.00, 0.00, 0.00, 0.00, 0.00
23, 0.00, -187500.02, -187500.02, -187500.02, -184611.98, 0.00, 0.00, 0.00, 0.00, 0.00, 0.00
24, 0.00, -187500.02, -187500.02, -187500.02, -187500.02, 0.00, 0.00, 0.00, 0.00, 0.00, 0.00
25, 0.00, -182830.58, -187500.02, -187500.02, -187500.02, 0.00, 0.00, 0.00, 0.00, 0.00, 0.00
26, 0.00, -186095.52, -187500.02, -187500.02, -187500.02, 0.00, 0.00, 0.00, 0.00, 0.00, 0.00
27, 0.00, -187500.02, -187500.02, -187500.02, -186878.89, 0.00, 0.00, 0.00, 0.00, 0.00, 0.00
28, 0.00, -187500.02, -187500.02, -187500.02, -187500.02, 0.00, 0.00, 0.00, 0.00, 0.00, 0.00
29, 0.00, -184820.25, -187500.02, -187500.02, -187500.02, 0.00, 0.00, 0.00, 0.00, 0.00, 0.00
30, 0.00, -183871.45, -187500.02, -187500.02, -187500.02, 0.00, 0.00, 0.00, 0.00, 0.00, 0.00
31, 0.00, -187500.02, -187500.02, -187500.02, -187500.02, 0.00, 0.00, 0.00, 0.00, 0.00, 0.00
32, 0.00, -187500.02, -187500.02, -187500.02, -187500.02, 0.00, 0.00, 0.00, 0.00, 0.00, 0.00
33, 0.00, -187404.19, -187500.02, -187500.02, -187500.02, 0.00, 0.00, 0.00, 0.00, 0.00, 0.00
34, 0.00, -182275.86, -187500.02, -187500.02, -187500.02, 0.00, 0.00, 0.00, 0.00, 0.00, 0.00
35, 0.00, -187500.02, -187500.02, -187500.02, -187500.02, 0.00, 0.00, 0.00, 0.00, 0.00, 0.00
36, 0.00, -187500.02, -187500.02, -187500.02, -185290.19, 0.00, 0.00, 0.00, 0.00, 0.00, 0.00
37, 0.00, -187500.02, -187500.02, -187500.02, -187500.02, 0.00, 0.00, 0.00, 0.00, 0.00, 0.00
38, 0.00, -181257.05, -187500.02, -187500.02, -187500.02, 0.00, 0.00, 0.00, 0.00, 0.00, 0.00
39, 0.00, -187500.02, -187500.02, -187500.02, -187500.02, 0.00, 0.00, 0.00, 0.00, 0.00, 0.00
40, 0.00, -187500.02, -187500.02, -187500.02, -183796.95, 0.00, 0.00, 0.00, 0.00, 0.00, 0.00
41, 0.00, -187500.02, -187500.02, -187500.02, -187500.02, 0.00, 0.00, 0.00, 0.00, 0.00, 0.00
42, 0.00, -181179.59, -187500.02, -187500.02, -187500.02, 0.00, 0.00, 0.00, 0.00, 0.00, 0.00
43, 0.00, -187500.02, -187500.02, -187500.02, -187500.02, 0.00, 0.00, 0.00, 0.00, 0.00, 0.00
44, 0.00, -187500.02, -187500.02, -187500.02, -183730.55, 0.00, 0.00, 0.00, 0.00, 0.00, 0.00
45, 0.00, -187500.02, -187500.02, -187500.02, -187500.02, 0.00, 0.00, 0.00, 0.00, 0.00, 0.00
46, 0.00, -181895.50, -187500.02, -187500.02, -187500.02, 0.00, 0.00, 0.00, 0.00, 0.00, 0.00
47, 0.00, -187500.02, -187500.02, -187500.02, -187500.02, 0.00, 0.00, 0.00, 0.00, 0.00, 0.00
48, 0.00, -187500.02, -187500.02, -187500.02, -185162.92, 0.00, 0.00, 0.00, 0.00, 0.00, 0.00
49, 0.00, -187500.02, -187500.02, -187500.02, -187500.02, 0.00, 0.00, 0.00, 0.00, 0.00, 0.00
50, 0.00, -183450.64, -187500.02, -187500.02, -187500.02, 0.00, 0.00, 0.00, 0.00, 0.00, 0.00
51, 0.00, -185361.09, -187500.02, -187500.02, -187500.02, 0.00, 0.00, 0.00, 0.00, 0.00, 0.00
52, 0.00, -187500.02, -187500.02, -187500.02, -187500.02, 0.00, 0.00, 0.00, 0.00, 0.00, 0.00
53, 0.00, -187500.02, -187500.02, -187500.02, -187500.02, 0.00, 0.00, 0.00, 0.00, 0.00, 0.00
54, 0.00, -185642.27, -187500.02, -187500.02, -187500.02, 0.00, 0.00, 0.00, 0.00, 0.00, 0.00
55, 0.00, -183276.83, -187500.02, -187500.02, -187500.02, 0.00, 0.00, 0.00, 0.00, 0.00, 0.00
56, 0.00, -187500.02, -187500.02, -187500.02, -187500.02, 0.00, 0.00, 0.00, 0.00, 0.00, 0.00
57, 0.00, -187500.02, -187500.02, -187500.02, -186876.80, 0.00, 0.00, 0.00, 0.00, 0.00, 0.00
58, 0.00, -187500.02, -187500.02, -187500.02, -187500.02, 0.00, 0.00, 0.00, 0.00, 0.00, 0.00
59, 0.00, -181840.06, -187500.02, -187500.02, -187500.02, 0.00, 0.00, 0.00, 0.00, 0.00, 0.00
60, 0.00, -187500.02, -187500.02, -187500.02, -187500.02, 0.00, 0.00, 0.00, 0.00, 0.00, 0.00
61, 0.00, -187500.02, -187500.02, -187500.02, -184620.28, 0.00, 0.00, 0.00, 0.00, 0.00, 0.00
62, 0.00, -187500.02, -187500.02, -187500.02, -187500.02, 0.00, 0.00, 0.00, 0.00, 0.00, 0.00
63, 0.00, -181163.36, -187500.02, -187500.02, -187500.02, 0.00, 0.00, 0.00, 0.00, 0.00, 0.00
64, 0.00, -187500.02, -187500.02, -187500.02, -187500.02, 0.00, 0.00, 0.00, 0.00, 0.00, 0.00
65, 0.00, -187500.02, -187500.02, -187500.02, -183665.28, 0.00, 0.00, 0.00, 0.00, 0.00, 0.00
66, 0.00, -187500.02, -187500.02, -187500.02, -187500.02, 0.00, 0.00, 0.00, 0.00, 0.00, 0.00
67, 0.00, -181270.89, -187500.02, -187500.02, -187500.02, 0.00, 0.00, 0.00, 0.00, 0.00, 0.00
68, 0.00, -187500.02, -187500.02, -187500.02, -187500.02, 0.00, 0.00, 0.00, 0.00, 0.00, 0.00
69, 0.00, -187500.02, -187500.02, -187500.02, -184112.14, 0.00, 0.00, 0.00, 0.00, 0.00, 0.00
70, 0.00, -187500.02, -187500.02, -187500.02, -187500.02, 0.00, 0.00, 0.00, 0.00, 0.00, 0.00
71, 0.00, -182268.50, -187500.02, -187500.02, -187500.02, 0.00, 0.00, 0.00, 0.00, 0.00, 0.00
72, 0.00, -186860.89, -187500.02, -187500.02, -187500.02, 0.00, 0.00, 0.00, 0.00, 0.00, 0.00
73, 0.00, -187500.02, -187500.02, -187500.02, -185988.64, 0.00, 0.00, 0.00, 0.00, 0.00, 0.00
74, 0.00, -187500.02, -187500.02, -187500.02, -187500.02, 0.00, 0.00, 0.00, 0.00, 0.00, 0.00
75, 0.00, -184029.44, -187500.02, -187500.02, -187500.02, 0.00, 0.00, 0.00, 0.00, 0.00, 0.00
76, 0.00, -184496.97, -187500.02, -187500.02, -187500.02, 0.00, 0.00, 0.00, 0.00, 0.00, 0.00
77, 0.00, -187500.02, -187500.02, -187500.02, -187500.02, 0.00, 0.00, 0.00, 0.00, 0.00, 0.00
78, 0.00, -187500.02, -187500.02, -187500.02, -187500.02, 0.00, 0.00, 0.00, 0.00, 0.00, 0.00
79, 0.00, -186445.50, -187500.02, -187500.02, -187500.02, 0.00, 0.00, 0.00, 0.00, 0.00, 0.00
80, 0.00, -182675.13, -187500.02, -187500.02, -187500.02, 0.00, 0.00, 0.00, 0.00, 0.00, 0.00
81, 0.00, -187500.02, -187500.02, -187500.02, -187500.02, 0.00, 0.00, 0.00, 0.00, 0.00, 0.00
82, 0.00, -187500.02, -187500.02, -187500.02, -186008.11, 0.00, 0.00, 0.00, 0.00, 0.00, 0.00
83, 0.00, -187500.02, -187500.02, -187500.02, -187500.02, 0.00, 0.00, 0.00, 0.00, 0.00, 0.00
84, 0.00, -181459.14, -187500.02, -187500.02, -187500.02, 0.00, 0.00, 0.00, 0.00, 0.00, 0.00
85, 0.00, -187500.02, -187500.02, -187500.02, -187500.02, 0.00, 0.00, 0.00, 0.00, 0.00, 0.00
86, 0.00, -187500.02, -187500.02, -187500.02, -184119.00, 0.00, 0.00, 0.00, 0.00, 0.00, 0.00
87, 0.00, -187500.02, -187500.02, -187500.02, -187500.02, 0.00, 0.00, 0.00, 0.00, 0.00, 0.00
88, 0.00, -181013.31, -187500.02, -187500.02, -187500.02, 0.00, 0.00, 0.00, 0.00, 0.00, 0.00
89, 0.00, -187500.02, -187500.02, -187500.02, -187500.02, 0.00, 0.00, 0.00, 0.00, 0.00, 0.00
90, 0.00, -187500.02, -187500.02, -187500.02, -183610.00, 0.00, 0.00, 0.00, 0.00, 0.00, 0.00
91, 0.00, -187500.02, -187500.02, -187500.02, -187500.02, 0.00, 0.00, 0.00, 0.00, 0.00, 0.00
92, 0.00, -181535.08, -187500.02, -187500.02, -187500.02, 0.00, 0.00, 0.00, 0.00, 0.00, 0.00
93, 0.00, -187500.02, -187500.02, -187500.02, -187500.02, 0.00, 0.00, 0.00, 0.00, 0.00, 0.00
94, 0.00, -187500.02, -187500.02, -187500.02, -184560.38, 0.00, 0.00, 0.00, 0.00, 0.00, 0.00
95, 0.00, -187500.02, -187500.02, -187500.02, -187500.02, 0.00, 0.00, 0.00, 0.00, 0.00, 0.00
96, 0.00, -182776.13, -187500.02, -187500.02, -187500.02, 0.00, 0.00, 0.00, 0.00, 0.00, 0.00
97, 0.00, -186069.45, -187500.02, -187500.02, -187500.02, 0.00, 0.00, 0.00, 0.00, 0.00, 0.00
98, 0.00, -187500.02, -187500.02, -187500.02, -186904.25, 0.00, 0.00, 0.00, 0.00, 0.00, 0.00
99, 0.00, -187500.02, -187500.02, -187500.02, -187500.02, 0.00, 0.00, 0.00, 0.00, 0.00, 0.00
100, 0.00, -184814.70, -187500.02, -187500.02, -187500.02, 0.00, 0.00, 0.00, 0.00, 0.00, 0.00
101, 0.00, -183827.98, -187500.02, -187500.02, -187500.02, 0.00, 0.00, 0.00, 0.00, 0.00, 0.00
102, 0.00, -187500.02, -187500.02, -187500.02, -187500.02, 0.00, 0.00, 0.00, 0.00, 0.00, 0.00
103, 0.00, -187500.02, -187500.02, -187500.02, -187500.02, 0.00, 0.00, 0.00, 0.00, 0.00, 0.00
104, 0.00, -187323.23, -187500.02, -187500.02, -187500.02, 0.00, 0.00, 0.00, 0.00, 0.00, 0.00
105, 0.00, -182187.19, -187500.02, -187500.02, -187500.02, 0.00, 0.00, 0.00, 0.00, 0.00, 0.00
106, 0.00, -187500.02, -187500.02, -187500.02, -187500.02, 0.00, 0.00, 0.00, 0.00, 0.00, 0.00
107, 0.00, -187500.02, -187500.02, -187500.02, -185292.92, 0.00, 0.00, 0.00, 0.00, 0.00, 0.00
108, 0.00, -187500.02, -187500.02, -187500.02, -187500.02, 0.00, 0.00, 0.00, 0.00, 0.00, 0.00
109, 0.00, -181228.97, -187500.02, -187500.02, -187500.02, 0.00, 0.00, 0.00, 0.00, 0.00, 0.00
110, 0.00, -187500.02, -187500.02, -187500.02, -187500.02, 0.00, 0.00, 0.00, 0.00, 0.00, 0.00
111, 0.00, -187500.02, -187500.02, -187500.02, -183859.00, 0.00, 0.00, 0.00, 0.00, 0.00, 0.00
112, 0.00, -187500.02, -187500.02, -187500.02, -187500.02, 0.00, 0.00, 0.00, 0.00, 0.00, 0.00
113, 0.00, -181099.17, -187500.02, -187500.02, -187500.02, 0.00, 0.00, 0.00, 0.00, 0.00, 0.00
114, 0.00, -187500.02, -187500.02, -187500.02, -187500.02, 0.00, 0.00, 0.00, 0.00, 0.00, 0.00
115, 0.00, -187500.02, -187500.02, -187500.02, -183803.73, 0.00, 0.00, 0.00, 0.00, 0.00, 0.00
116, 0.00, -187500.02, -187500.02, -187500.02, -187500.02, 0.00, 0.00, 0.00, 0.00, 0.00, 0.00
117, 0.00, -181845.78, -187500.02, -187500.02, -187500.02, 0.00, 0.00, 0.00, 0.00, 0.00, 0.00
118, 0.00, -187500.02, -187500.02, -187500.02, -187500.02, 0.00, 0.00, 0.00, 0.00, 0.00, 0.00
119, 0.00, -187500.02, -187500.02, -187500.02, -185188.89, 0.00, 0.00, 0.00, 0.00, 0.00, 0.00
120, 0.00, -187500.02, -187500.02, -187500.02, -187500.02, 0.00, 0.00, 0.00, 0.00, 0.00, 0.00
121, 0.00, -183351.53, -187500.02, -187500.02, -187500.02, 0.00, 0.00, 0.00, 0.00, 0.00, 0.00
122, 0.00, -185241.19, -187500.02, -187500.02, -187500.02, 0.00, 0.00, 0.00, 0.00, 0.00, 0.00
123, 0.00, -187500.02, -187500.02, -187500.02, -187500.02, 0.00, 0.00, 0.00, 0.00, 0.00, 0.00
124, 0.00, -187500.02, -187500.02, -187500.02, -187500.02, 0.00, 0.00, 0.00, 0.00, 0.00, 0.00
125, 0.00, -185533.94, -187500.02, -187500.02, -187500.02, 0.00, 0.00, 0.00, 0.00, 0.00, 0.00
126, 0.00, -183204.22, -187500.02, -187500.02, -187500.02, 0.00, 0.00, 0.00, 0.00, 0.00, 0.00
127, 0.00, -187500.02, -187500.02, -187500.02, -187500.02, 0.00, 0.00, 0.00, 0.00, 0.00, 0.00
128, 0.00, -187500.02, -187500.02, -187500.02, -186905.73, 0.00, 0.00, 0.00, 0.00, 0.00, 0.00
129, 0.00, -187500.02, -187500.02, -187500.02, -187500.02, 0.00, 0.00, 0.00, 0.00, 0.00, 0.00
130, 0.00, -181757.31, -187500.02, -187500.02, -187500.02, 0.00, 0.00, 0.00, 0.00, 0.00, 0.00
131, 0.00, -187500.02, -187500.02, -187500.02, -187500.02, 0.00, 0.00, 0.00, 0.00, 0.00, 0.00
132, 0.00, -187500.02, -187500.02, -187500.02, -184663.53, 0.00, 0.00, 0.00, 0.00, 0.00, 0.00
133, 0.00, -187500.02, -187500.02, -187500.02, -187500.02, 0.00, 0.00, 0.00, 0.00, 0.00, 0.00
134, 0.00, -181114.92, -187500.02, -187500.02, -187500.02, 0.00, 0.00, 0.00, 0.00, 0.00, 0.00
135, 0.00, -187500.02, -187500.02, -187500.02, -187500.02, 0.00, 0.00, 0.00, 0.00, 0.00, 0.00
136, 0.00, -187500.02, -187500.02, -187500.02, -183607.86, 0.00, 0.00, 0.00, 0.00, 0.00, 0.00
137, 0.00, -187500.02, -187500.02, -187500.02, -187500.02, 0.00, 0.00, 0.00, 0.00, 0.00, 0.00
138, 0.00, -181254.73, -187500.02, -187500.02, -187500.02, 0.00, 0.00, 0.00, 0.00, 0.00, 0.00
139, 0.00, -187500.02, -187500.02, -187500.02, -187500.02, 0.00, 0.00, 0.00, 0.00, 0.00, 0.00
140, 0.00, -187500.02, -187500.02, -187500.02, -183972.53, 0.00, 0.00, 0.00, 0.00, 0.00, 0.00
141, 0.00, -187500.02, -187500.02, -187500.02, -187500.02, 0.00, 0.00, 0.00, 0.00, 0.00, 0.00
142, 0.00, -182215.77, -187500.02, -187500.02, -187500.02, 0.00, 0.00, 0.00, 0.00, 0.00, 0.00
143, 0.00, -186874.34, -187500.02, -187500.02, -187500.02, 0.00, 0.00, 0.00, 0.00, 0.00, 0.00
144, 0.00, -187500.02, -187500.02, -187500.02, -185885.27, 0.00, 0.00, 0.00, 0.00, 0.00, 0.00
145, 0.00, -187500.02, -187500.02, -187500.02, -187500.02, 0.00, 0.00, 0.00, 0.00, 0.00, 0.00
146, 0.00, -183935.38, -187500.02, -187500.02, -187500.02, 0.00, 0.00, 0.00, 0.00, 0.00, 0.00
147, 0.00, -184510.22, -187500.02, -187500.02, -187500.02, 0.00, 0.00, 0.00, 0.00, 0.00, 0.00
148, 0.00, -187500.02, -187500.02, -187500.02, -187500.02, 0.00, 0.00, 0.00, 0.00, 0.00, 0.00
149, 0.00, -187500.02, -187500.02, -187500.02, -187500.02, 0.00, 0.00, 0.00, 0.00, 0.00, 0.00
150, 0.00, -186369.22, -187500.02, -187500.02, -187500.02, 0.00, 0.00, 0.00, 0.00, 0.00, 0.00
151, 0.00, -182666.52, -187500.02, -187500.02, -187500.02, 0.00, 0.00, 0.00, 0.00, 0.00, 0.00
152, 0.00, -187500.02, -187500.02, -187500.02, -187500.02, 0.00, 0.00, 0.00, 0.00, 0.00, 0.00
153, 0.00, -187500.02, -187500.02, -187500.02, -186023.59, 0.00, 0.00, 0.00, 0.00, 0.00, 0.00
154, 0.00, -187500.02, -187500.02, -187500.02, -187500.02, 0.00, 0.00, 0.00, 0.00, 0.00, 0.00
155, 0.00, -181516.70, -187500.02, -187500.02, -187500.02, 0.00, 0.00, 0.00, 0.00, 0.00, 0.00
156, 0.00, -187500.02, -187500.02, -187500.02, -187500.02, 0.00, 0.00, 0.00, 0.00, 0.00, 0.00
157, 0.00, -187500.02, -187500.02, -187500.02, -184146.42, 0.00, 0.00, 0.00, 0.00, 0.00, 0.00
158, 0.00, -187500.02, -187500.02, -187500.02, -187500.02, 0.00, 0.00, 0.00, 0.00, 0.00, 0.00
159, 0.00, -181046.80, -187500.02, -187500.02, -187500.02, 0.00, 0.00, 0.00, 0.00, 0.00, 0.00
160, 0.00, -187500.02, -187500.02, -187500.02, -187500.02, 0.00, 0.00, 0.00, 0.00, 0.00, 0.00
161, 0.00, -187500.02, -187500.02, -187500.02, -183692.89, 0.00, 0.00, 0.00, 0.00, 0.00, 0.00
162, 0.00, -187500.02, -187500.02, -187500.02, -187500.02, 0.00, 0.00, 0.00, 0.00, 0.00, 0.00
163, 0.00, -181474.83, -187500.02, -187500.02, -187500.02, 0.00, 0.00, 0.00, 0.00, 0.00, 0.00
164, 0.00, -187500.02, -187500.02, -187500.02, -187500.02, 0.00, 0.00, 0.00, 0.00, 0.00, 0.00
165, 0.00, -187500.02, -187500.02, -187500.02, -184579.33, 0.00, 0.00, 0.00, 0.00, 0.00, 0.00
166, 0.00, -187500.02, -187500.02, -187500.02, -187500.02, 0.00, 0.00, 0.00, 0.00, 0.00, 0.00
167, 0.00, -182776.31, -187500.02, -187500.02, -187500.02, 0.00, 0.00, 0.00, 0.00, 0.00, 0.00
168, 0.00, -186061.30, -187500.02, -187500.02, -187500.02, 0.00, 0.00, 0.00, 0.00, 0.00, 0.00
169, 0.00, -187500.02, -187500.02, -187500.02, -186899.20, 0.00, 0.00, 0.00, 0.00, 0.00, 0.00
170, 0.00, -187500.02, -187500.02, -187500.02, -187500.02, 0.00, 0.00, 0.00, 0.00, 0.00, 0.00
171, 0.00, -184786.45, -187500.02, -187500.02, -187500.02, 0.00, 0.00, 0.00, 0.00, 0.00, 0.00
172, 0.00, -183873.42, -187500.02, -187500.02, -187500.02, 0.00, 0.00, 0.00, 0.00, 0.00, 0.00
173, 0.00, -187500.02, -187500.02, -187500.02, -187500.02, 0.00, 0.00, 0.00, 0.00, 0.00, 0.00
174, 0.00, -187500.02, -187500.02, -187500.02, -187500.02, 0.00, 0.00, 0.00, 0.00, 0.00, 0.00
175, 0.00, -187346.58, -187500.02, -187500.02, -187500.02, 0.00, 0.00, 0.00, 0.00, 0.00, 0.00
176, 0.00, -182189.52, -187500.02, -187500.02, -187500.02, 0.00, 0.00, 0.00, 0.00, 0.00, 0.00
177, 0.00, -187500.02, -187500.02, -187500.02, -187500.02, 0.00, 0.00, 0.00, 0.00, 0.00, 0.00
178, 0.00, -187500.02, -187500.02, -187500.02, -185354.11, 0.00, 0.00, 0.00, 0.00, 0.00, 0.00
179, 0.00, -187500.02, -187500.02, -187500.02, -187500.02, 0.00, 0.00, 0.00, 0.00, 0.00, 0.00
180, 0.00, -181261.94, -187500.02, -187500.02, -187500.02, 0.00, 0.00, 0.00, 0.00, 0.00, 0.00
181, 0.00, -187500.02, -187500.02, -187500.02, -187500.02, 0.00, 0.00, 0.00, 0.00, 0.00, 0.00
182, 0.00, -187500.02, -187500.02, -187500.02, -183899.39, 0.00, 0.00, 0.00, 0.00, 0.00, 0.00
183, 0.00, -187500.02, -187500.02, -187500.02, -187500.02, 0.00, 0.00, 0.00, 0.00, 0.00, 0.00
184, 0.00, -181085.67, -187500.02, -187500.02, -187500.02, 0.00, 0.00, 0.00, 0.00, 0.00, 0.00
185, 0.00, -187500.02, -187500.02, -187500.02, -187500.02, 0.00, 0.00, 0.00, 0.00, 0.00, 0.00
186, 0.00, -187500.02, -187500.02, -187500.02, -183847.20, 0.00, 0.00, 0.00, 0.00, 0.00, 0.00
187, 0.00, -187500.02, -187500.02, -187500.02, -187500.02, 0.00, 0.00, 0.00, 0.00, 0.00, 0.00
188, 0.00, -181793.33, -187500.02, -187500.02, -187500.02, 0.00, 0.00, 0.00, 0.00, 0.00, 0.00
189, 0.00, -187500.02, -187500.02, -187500.02, -187500.02, 0.00, 0.00, 0.00, 0.00, 0.00, 0.00
190, 0.00, -187500.02, -187500.02, -187500.02, -185244.44, 0.00, 0.00, 0.00, 0.00, 0.00, 0.00
191, 0.00, -187500.02, -187500.02, -187500.02, -187500.02, 0.00, 0.00, 0.00, 0.00, 0.00, 0.00
192, 0.00, -183336.69, -187500.02, -187500.02, -187500.02, 0.00, 0.00, 0.00, 0.00, 0.00, 0.00
193, 0.00, -185247.92, -187500.02, -187500.02, -187500.02, 0.00, 0.00, 0.00, 0.00, 0.00, 0.00
194, 0.00, -187500.02, -187500.02, -187500.02, -187500.02, 0.00, 0.00, 0.00, 0.00, 0.00, 0.00
195, 0.00, -187500.02, -187500.02, -187500.02, -187500.02, 0.00, 0.00, 0.00, 0.00, 0.00, 0.00
196, 0.00, -185587.88, -187500.02, -187500.02, -187500.02, 0.00, 0.00, 0.00, 0.00, 0.00, 0.00
197, 0.00, -183250.45, -187500.02, -187500.02, -187500.02, 0.00, 0.00, 0.00, 0.00, 0.00, 0.00
198, 0.00, -187500.02, -187500.02, -187500.02, -187500.02, 0.00, 0.00, 0.00, 0.00, 0.00, 0.00
199, 0.00, -187500.02, -187500.02, -187500.02, -186946.28, 0.00, 0.00, 0.00, 0.00, 0.00, 0.00
200, 0.00, -187500.02, -187500.02, -187500.02, -187500.02, 0.00, 0.00, 0.00, 0.00, 0.00, 0.00
201, 0.00, -181796.25, -187500.02, -187500.02, -187500.02, 0.00, 0.00, 0.00, 0.00, 0.00, 0.00
202, 0.00, -187500.02, -187500.02, -187500.02, -187500.02, 0.00, 0.00, 0.00, 0.00, 0.00, 0.00
203, 0.00, -187500.02, -187500.02, -187500.02, -184662.33, 0.00, 0.00, 0.00, 0.00, 0.00, 0.00
204, 0.00, -187500.02, -187500.02, -187500.02, -187500.02, 0.00, 0.00, 0.00, 0.00, 0.00, 0.00
205, 0.00, -181105.00, -187500.02, -187500.02, -187500.02, 0.00, 0.00, 0.00, 0.00, 0.00, 0.00
206, 0.00, -187500.02, -187500.02, -187500.02, -187500.02, 0.00, 0.00, 0.00, 0.00, 0.00, 0.00
207, 0.00, -187500.02, -187500.02, -187500.02, -183638.75, 0.00, 0.00, 0.00, 0.00, 0.00, 0.00
208, 0.00, -187500.02, -187500.02, -187500.02, -187500.02, 0.00, 0.00, 0.00, 0.00, 0.00, 0.00
209, 0.00, -181255.75, -187500.02, -187500.02, -187500.02, 0.00, 0.00, 0.00, 0.00, 0.00, 0.00
210, 0.00, -187500.02, -187500.02, -187500.02, -187500.02, 0.00, 0.00, 0.00, 0.00, 0.00, 0.00
211, 0.00, -187500.02, -187500.02, -187500.02, -184134.53, 0.00, 0.00, 0.00, 0.00, 0.00, 0.00
212, 0.00, -187500.02, -187500.02, -187500.02, -187500.02, 0.00, 0.00, 0.00, 0.00, 0.00, 0.00
213, 0.00, -182282.98, -187500.02, -187500.02, -187500.02, 0.00, 0.00, 0.00, 0.00, 0.00, 0.00
214, 0.00, -186861.72, -187500.02, -187500.02, -187500.02, 0.00, 0.00, 0.00, 0.00, 0.00, 0.00
215, 0.00, -187500.02, -187500.02, -187500.02, -186056.30, 0.00, 0.00, 0.00, 0.00, 0.00, 0.00
216, 0.00, -187500.02, -187500.02, -187500.02, -187500.02, 0.00, 0.00, 0.00, 0.00, 0.00, 0.00
217, 0.00, -184105.69, -187500.02, -187500.02, -187500.02, 0.00, 0.00, 0.00, 0.00, 0.00, 0.00
218, 0.00, -184558.44, -187500.02, -187500.02, -187500.02, 0.00, 0.00, 0.00, 0.00, 0.00, 0.00
219, 0.00, -187500.02, -187500.02, -187500.02, -187500.02, 0.00, 0.00, 0.00, 0.00, 0.00, 0.00
220, 0.00, -187500.02, -187500.02, -187500.02, -187500.02, 0.00, 0.00, 0.00, 0.00, 0.00, 0.00
221, 0.00, -186461.33, -187500.02, -187500.02, -187500.02, 0.00, 0.00, 0.00, 0.00, 0.00, 0.00
222, 0.00, -182662.23, -187500.02, -187500.02, -187500.02, 0.00, 0.00, 0.00, 0.00, 0.00, 0.00
223, 0.00, -187500.02, -187500.02, -187500.02, -187500.02, 0.00, 0.00, 0.00, 0.00, 0.00, 0.00
224, 0.00, -187500.02, -187500.02, -187500.02, -186110.23, 0.00, 0.00, 0.00, 0.00, 0.00, 0.00
225, 0.00, -187500.02, -187500.02, -187500.02, -187500.02, 0.00, 0.00, 0.00, 0.00, 0.00, 0.00
226, 0.00, -181488.81, -187500.02, -187500.02, -187500.02, 0.00, 0.00, 0.00, 0.00, 0.00, 0.00
227, 0.00, -187500.02, -187500.02, -187500.02, -187500.02, 0.00, 0.00, 0.00, 0.00, 0.00, 0.00
228, 0.00, -187500.02, -187500.02, -187500.02, -184281.31, 0.00, 0.00, 0.00, 0.00, 0.00, 0.00
229, 0.00, -187500.02, -187500.02, -187500.02, -187500.02, 0.00, 0.00, 0.00, 0.00, 0.00, 0.00
230, 0.00, -181083.55, -187500.02, -187500.02, -187500.02, 0.00, 0.00, 0.00, 0.00, 0.00, 0.00
231, 0.00, -187500.02, -187500.02, -187500.02, -187500.02, 0.00, 0.00, 0.00, 0.00, 0.00, 0.00
232, 0.00, -187500.02, -187500.02, -187500.02, -183739.64, 0.00, 0.00, 0.00, 0.00, 0.00, 0.00
233, 0.00, -187500.02, -187500.02, -187500.02, -187500.02, 0.00, 0.00, 0.00, 0.00, 0.00, 0.00
234, 0.00, -181508.09, -187500.02, -187500.02, -187500.02, 0.00, 0.00, 0.00, 0.00, 0.00, 0.00
235, 0.00, -187500.02, -187500.02, -187500.02, -187500.02, 0.00, 0.00, 0.00, 0.00, 0.00, 0.00
236, 0.00, -187500.02, -187500.02, -187500.02, -184685.89, 0.00, 0.00, 0.00, 0.00, 0.00, 0.00
237, 0.00, -187500.02, -187500.02, -187500.02, -187500.02, 0.00, 0.00, 0.00, 0.00, 0.00, 0.00
238, 0.00, -182774.28, -187500.02, -187500.02, -187500.02, 0.00, 0.00, 0.00, 0.00, 0.00, 0.00
239, 0.00, -186022.81, -187500.02, -187500.02, -187500.02, 0.00, 0.00, 0.00, 0.00, 0.00, 0.00
240, 0.00, -187500.02, -187500.02, -187500.02, -186942.41, 0.00, 0.00, 0.00, 0.00, 0.00, 0.00
241, 0.00, -187500.02, -187500.02, -187500.02, -187500.02, 0.00, 0.00, 0.00, 0.00, 0.00, 0.00
242, 0.00, -184769.11, -187500.02, -187500.02, -187500.02, 0.00, 0.00, 0.00, 0.00, 0.00, 0.00
243, 0.00, -183829.95, -187500.02, -187500.02, -187500.02, 0.00, 0.00, 0.00, 0.00, 0.00, 0.00
244, 0.00, -187500.02, -187500.02, -187500.02, -187500.02, 0.00, 0.00, 0.00, 0.00, 0.00, 0.00
245, 0.00, -187500.02, -187500.02, -187500.02, -187500.02, 0.00, 0.00, 0.00, 0.00, 0.00, 0.00
246, 0.00, -187328.17, -187500.02, -187500.02, -187500.02, 0.00, 0.00, 0.00, 0.00, 0.00, 0.00
247, 0.00, -182132.22, -187500.02, -187500.02, -187500.02, 0.00, 0.00, 0.00, 0.00, 0.00, 0.00
248, 0.00, -187500.02, -187500.02, -187500.02, -187500.02, 0.00, 0.00, 0.00, 0.00, 0.00, 0.00
249, 0.00, -187500.02, -187500.02, -187500.02, -185327.61, 0.00, 0.00, 0.00, 0.00, 0.00, 0.00
250, 0.00, -187500.02, -187500.02, -187500.02, -187500.02, 0.00, 0.00, 0.00, 0.00, 0.00, 0.00
251, 0.00, -181213.00, -187500.02, -187500.02, -187500.02, 0.00, 0.00, 0.00, 0.00, 0.00, 0.00
252, 0.00, -187500.02, -187500.02, -187500.02, -187500.02, 0.00, 0.00, 0.00, 0.00, 0.00, 0.00
253, 0.00, -187500.02, -187500.02, -187500.02, -183812.38, 0.00, 0.00, 0.00, 0.00, 0.00, 0.00
254, 0.00, -187500.02, -187500.02, -187500.02, -187500.02, 0.00, 0.00, 0.00, 0.00, 0.00, 0.00
255, 0.00, -181076.27, -187500.02, -187500.02, -187500.02, 0.00, 0.00, 0.00, 0.00, 0.00, 0.00
0, 0.00, -187500.02, -187500.02, -187500.02, -187500.02, 0.00, 0.00, 0.00, 0.00, 0.00, 0.00
1, 0.00, -187500.02, -187500.02, -187500.02, -183810.59, 0.00, 0.00, 0.00, 0.00, 0.00, 0.00
2, 0.00, -187500.02, -187500.02, -187500.02, -187500.02, 0.00, 0.00, 0.00, 0.00, 0.00, 0.00
3, 0.00, -181789.77, -187500.02, -187500.02, -187500.02, 0.00, 0.00, 0.00, 0.00, 0.00, 0.00
4, 0.00, -187500.02, -187500.02, -187500.02, -187500.02, 0.00, 0.00, 0.00, 0.00, 0.00, 0.00
5, 0.00, -187500.02, -187500.02, -187500.02, -185191.33, 0.00, 0.00, 0.00, 0.00, 0.00, 0.00
6, 0.00, -187500.02, -187500.02, -187500.02, -187500.02, 0.00, 0.00, 0.00, 0.00, 0.00, 0.00
7, 0.00, -183364.92, -187500.02, -187500.02, -187500.02, 0.00, 0.00, 0.00, 0.00, 0.00, 0.00
8, 0.00, -185224.14, -187500.02, -187500.02, -187500.02, 0.00, 0.00, 0.00, 0.00, 0.00, 0.00
9, 0.00, -187500.02, -187500.02, -187500.02, -187500.02, 0.00, 0.00, 0.00, 0.00, 0.00, 0.00
10, 0.00, -187500.02, -187500.02, -187500.02, -187500.02, 0.00, 0.00, 0.00, 0.00, 0.00, 0.00
11, 0.00, -185583.05, -187500.02, -187500.02, -187500.02, 0.00, 0.00, 0.00, 0.00, 0.00, 0.00
12, 0.00, -183169.28, -187500.02, -187500.02, -187500.02, 0.00, 0.00, 0.00, 0.00, 0.00, 0.00
13, 0.00, -187500.02, -187500.02, -187500.02, -187500.02, 0.00, 0.00, 0.00, 0.00, 0.00, 0.00
14, 0.00, -187500.02, -187500.02, -187500.02, -186911.38, 0.00, 0.00, 0.00, 0.00, 0.00, 0.00
15, 0.00, -187500.02, -187500.02, -187500.02, -187500.02, 0.00, 0.00, 0.00, 0.00, 0.00, 0.00
16, 0.00, -181745.33, -187500.02, -187500.02, -187500.02, 0.00, 0.00, 0.00, 0.00, 0.00, 0.00
17, 0.00, -187500.02, -187500.02, -187500.02, -187500.02, 0.00, 0.00, 0.00, 0.00, 0.00, 0.00
18, 0.00, -187500.02, -187500.02, -187500.02, -184661.36, 0.00, 0.00, 0.00, 0.00, 0.00, 0.00
19, 0.00, -187500.02, -187500.02, -187500.02, -187500.02, 0.00, 0.00, 0.00, 0.00, 0.00, 0.00
20, 0.00, -181074.36, -187500.02, -187500.02, -187500.02, 0.00, 0.00, 0.00, 0.00, 0.00, 0.00
21, 0.00, -187500.02, -187500.02, -187500.02, -187500.02, 0.00, 0.00, 0.00, 0.00, 0.00, 0.00
22, 0.00, -187500.02, -187500.02, -187500.02, -183694.19, 0.00, 0.00, 0.00, 0.00, 0.00, 0.00
23, 0.00, -187500.02, -187500.02, -187500.02, -187500.02, 0.00, 0.00, 0.00, 0.00, 0.00, 0.00
24, 0.00, -181232.91, -187500.02, -187500.02, -187500.02, 0.00, 0.00, 0.00, 0.00, 0.00, 0.00
25, 0.00, -187500.02, -187500.02, -187500.02, -187500.02, 0.00, 0.00, 0.00, 0.00, 0.00, 0.00
26, 0.00, -187500.02, -187500.02, -187500.02, -184165.20, 0.00, 0.00, 0.00, 0.00, 0.00, 0.00
27, 0.00, -187500.02, -187500.02, -187500.02, -187500.02, 0.00, 0.00, 0.00, 0.00, 0.00, 0.00
28, 0.00, -182226.30, -187500.02, -187500.02, -187500.02, 0.00, 0.00, 0.00, 0.00, 0.00, 0.00
29, 0.00, -186746.89, -187500.02, -187500.02, -187500.02, 0.00, 0.00, 0.00, 0.00, 0.00, 0.00
30, 0.00, -187500.02, -187500.02, -187500.02, -186046.55, 0.00, 0.00, 0.00, 0.00, 0.00, 0.00
31, 0.00, -187500.02, -187500.02, -187500.02, -187500.02, 0.00, 0.00, 0.00, 0.00, 0.00, 0.00
32, 0.00, -183995.11, -187500.02, -187500.02, -187500.02, 0.00, 0.00, 0.00, 0.00, 0.00, 0.00
33, 0.00, -184394.67, -187500.02, -187500.02, -187500.02, 0.00, 0.00, 0.00, 0.00, 0.00, 0.00
34, 0.00, -187500.02, -187500.02, -187500.02, -187500.02, 0.00, 0.00, 0.00, 0.00, 0.00, 0.00
35, 0.00, -187500.02, -187500.02, -187500.02, -187500.02, 0.00, 0.00, 0.00, 0.00, 0.00, 0.00
36, 0.00, -186419.72, -187500.02, -187500.02, -187500.02, 0.00, 0.00, 0.00, 0.00, 0.00, 0.00
37, 0.00, -182566.00, -187500.02, -187500.02, -187500.02, 0.00, 0.00, 0.00, 0.00, 0.00, 0.00
38, 0.00, -187500.02, -187500.02, -187500.02, -187500.02, 0.00, 0.00, 0.00, 0.00, 0.00, 0.00
39, 0.00, -187500.02, -187500.02, -187500.02, -186025.47, 0.00, 0.00, 0.00, 0.00, 0.00, 0.00
40, 0.00, -187500.02, -187500.02, -187500.02, -187500.02, 0.00, 0.00, 0.00, 0.00, 0.00, 0.00
41, 0.00, -181427.52, -187500.02, -187500.02, -187500.02, 0.00, 0.00, 0.00, 0.00, 0.00, 0.00
42, 0.00, -187500.02, -187500.02, -187500.02, -187500.02, 0.00, 0.00, 0.00, 0.00, 0.00, 0.00
43, 0.00, -187500.02, -187500.02, -187500.02, -184210.86, 0.00, 0.00, 0.00, 0.00, 0.00, 0.00
44, 0.00, -187500.02, -187500.02, -187500.02, -187500.02, 0.00, 0.00, 0.00, 0.00, 0.00, 0.00
45, 0.00, -181031.05, -187500.02, -187500.02, -187500.02, 0.00, 0.00, 0.00, 0.00, 0.00, 0.00
46, 0.00, -187500.02, -187500.02, -187500.02, -187500.02, 0.00, 0.00, 0.00, 0.00, 0.00, 0.00
47, 0.00, -187500.02, -187500.02, -187500.02, -183725.00, 0.00, 0.00, 0.00, 0.00, 0.00, 0.00
48, 0.00, -187500.02, -187500.02, -187500.02, -187500.02, 0.00, 0.00, 0.00, 0.00, 0.00, 0.00
49, 0.00, -181524.45, -187500.02, -187500.02, -187500.02, 0.00, 0.00, 0.00, 0.00, 0.00, 0.00
50, 0.00, -187500.02, -187500.02, -187500.02, -187500.02, 0.00, 0.00, 0.00, 0.00, 0.00, 0.00
51, 0.00, -187500.02, -187500.02, -187500.02, -184639.16, 0.00, 0.00, 0.00, 0.00, 0.00, 0.00
52, 0.00, -187500.02, -187500.02, -187500.02, -187500.02, 0.00, 0.00, 0.00, 0.00, 0.00, 0.00
53, 0.00, -182818.88, -187500.02, -187500.02, -187500.02, 0.00, 0.00, 0.00, 0.00, 0.00, 0.00
54, 0.00, -185964.05, -187500.02, -187500.02, -187500.02, 0.00, 0.00, 0.00, 0.00, 0.00, 0.00
55, 0.00, -187500.02, -187500.02, -187500.02, -186925.67, 0.00, 0.00, 0.00, 0.00, 0.00, 0.00
56, 0.00, -187500.02, -187500.02, -187500.02, -187500.02, 0.00, 0.00, 0.00, 0.00, 0.00, 0.00
57, 0.00, -184833.98, -187500.02, -187500.02, -187500.02, 0.00, 0.00, 0.00, 0.00, 0.00, 0.00
58, 0.00, -183728.78, -187500.02, -187500.02, -187500.02, 0.00, 0.00, 0.00, 0.00, 0.00, 0.00
59, 0.00, -187500.02, -187500.02, -187500.02, -187500.02, 0.00, 0.00, 0.00, 0.00, 0.00, 0.00
60, 0.00, -187500.02, -187500.02, -187500.02, -187500.02, 0.00, 0.00, 0.00, 0.00, 0.00, 0.00
61, 0.00, -187364.88, -187500.02, -187500.02, -187500.02, 0.00, 0.00, 0.00, 0.00, 0.00, 0.00
62, 0.00, -182071.36, -187500.02, -187500.02, -187500.02, 0.00, 0.00, 0.00, 0.00, 0.00, 0.00
63, 0.00, -187500.02, -187500.02, -187500.02, -187500.02, 0.00, 0.00, 0.00, 0.00, 0.00, 0.00
64, 0.00, -187500.02, -187500.02, -187500.02, -185208.16, 0.00, 0.00, 0.00, 0.00, 0.00, 0.00
65, 0.00, -187500.02, -187500.02, -187500.02, -187500.02, 0.00, 0.00, 0.00, 0.00, 0.00, 0.00
66, 0.00, -181190.70, -187500.02, -187500.02, -187500.02, 0.00, 0.00, 0.00, 0.00, 0.00, 0.00
67, 0.00, -187500.02, -187500.02, -187500.02, -187500.02, 0.00, 0.00, 0.00, 0.00, 0.00, 0.00
68, 0.00, -187500.02, -187500.02, -187500.02, -183808.77, 0.00, 0.00, 0.00, 0.00, 0.00, 0.00
69, 0.00, -187500.02, -187500.02, -187500.02, -187500.02, 0.00, 0.00, 0.00, 0.00, 0.00, 0.00
70, 0.00, -181103.08, -187500.02, -187500.02, -187500.02, 0.00, 0.00, 0.00, 0.00, 0.00, 0.00
71, 0.00, -187500.02, -187500.02, -187500.02, -187500.02, 0.00, 0.00, 0.00, 0.00, 0.00, 0.00
72, 0.00, -187500.02, -187500.02, -187500.02, -183860.50, 0.00, 0.00, 0.00, 0.00, 0.00, 0.00
73, 0.00, -187500.02, -187500.02, -187500.02, -187500.02, 0.00, 0.00, 0.00, 0.00, 0.00, 0.00
74, 0.00, -181795.81, -187500.02, -187500.02, -187500.02, 0.00, 0.00, 0.00, 0.00, 0.00, 0.00
75, 0.00, -187500.02, -187500.02, -187500.02, -187500.02, 0.00, 0.00, 0.00, 0.00, 0.00, 0.00
76, 0.00, -187500.02, -187500.02, -187500.02, -185274.05, 0.00, 0.00, 0.00, 0.00, 0.00, 0.00
77, 0.00, -187500.02, -187500.02, -187500.02, -187500.02, 0.00, 0.00, 0.00, 0.00, 0.00, 0.00
78, 0.00, -183361.70, -187500.02, -187500.02, -187500.02, 0.00, 0.00, 0.00, 0.00, 0.00, 0.00
79, 0.00, -185114.14, -187500.02, -187500.02, -187500.02, 0.00, 0.00, 0.00, 0.00, 0.00, 0.00
80, 0.00, -187500.02, -187500.02, -187500.02, -187500.02, 0.00, 0.00, 0.00, 0.00, 0.00, 0.00
81, 0.00, -187500.02, -187500.02, -187500.02, -187500.02, 0.00, 0.00, 0.00, 0.00, 0.00, 0.00
82, 0.00, -185626.02, -187500.02, -187500.02, -187500.02, 0.00, 0.00, 0.00, 0.00, 0.00, 0.00
83, 0.00, -183100.45, -187500.02, -187500.02, -187500.02, 0.00, 0.00, 0.00, 0.00, 0.00, 0.00
84, 0.00, -187500.02, -187500.02, -187500.02, -187500.02, 0.00, 0.00, 0.00, 0.00, 0.00, 0.00
85, 0.00, -187500.02, -187500.02, -187500.02, -186872.16, 0.00, 0.00, 0.00, 0.00, 0.00, 0.00
86, 0.00, -187500.02, -187500.02, -187500.02, -187500.02, 0.00, 0.00, 0.00, 0.00, 0.00, 0.00
87, 0.00, -181687.25, -187500.02, -187500.02, -187500.02, 0.00, 0.00, 0.00, 0.00, 0.00, 0.00
88, 0.00, -187500.02, -187500.02, -187500.02, -187500.02, 0.00, 0.00, 0.00, 0.00, 0.00, 0.00
89, 0.00, -187500.02, -187500.02, -187500.02, -184638.77, 0.00, 0.00, 0.00, 0.00, 0.00, 0.00
90, 0.00, -187500.02, -187500.02, -187500.02, -187500.02, 0.00, 0.00, 0.00, 0.00, 0.00, 0.00
91, 0.00, -181094.23, -187500.02, -187500.02, -187500.02, 0.00, 0.00, 0.00, 0.00, 0.00, 0.00
92, 0.00, -187500.02, -187500.02, -187500.02, -187500.02, 0.00, 0.00, 0.00, 0.00, 0.00, 0.00
93, 0.00, -187500.02, -187500.02, -187500.02, -183614.20, 0.00, 0.00, 0.00, 0.00, 0.00, 0.00
94, 0.00, -187500.02, -187500.02, -187500.02, -187500.02, 0.00, 0.00, 0.00, 0.00, 0.00, 0.00
95, 0.00, -181209.16, -187500.02, -187500.02, -187500.02, 0.00, 0.00, 0.00, 0.00, 0.00, 0.00
96, 0.00, -187500.02, -187500.02, -187500.02, -187500.02, 0.00, 0.00, 0.00, 0.00, 0.00, 0.00
97, 0.00, -187500.02, -187500.02, -187500.02, -184191.44, 0.00, 0.00, 0.00, 0.00, 0.00, 0.00
98, 0.00, -187500.02, -187500.02, -187500.02, -187500.02, 0.00, 0.00, 0.00, 0.00, 0.00, 0.00
99, 0.00, -182271.77, -187500.02, -187500.02, -187500.02, 0.00, 0.00, 0.00, 0.00, 0.00, 0.00
100, 0.00, -186725.44, -187500.02, -187500.02, -187500.02, 0.00, 0.00, 0.00, 0.00, 0.00, 0.00
101, 0.00, -187500.02, -187500.02, -187500.02, -186141.66, 0.00, 0.00, 0.00, 0.00, 0.00, 0.00
102, 0.00, -187500.02, -187500.02, -187500.02, -187500.02, 0.00, 0.00, 0.00, 0.00, 0.00, 0.00
103, 0.00, -184073.58, -187500.02, -187500.02, -187500.02, 0.00, 0.00, 0.00, 0.00, 0.00, 0.00
104, 0.00, -184360.47, -187500.02, -187500.02, -187500.02, 0.00, 0.00, 0.00, 0.00, 0.00, 0.00
105, 0.00, -187500.02, -187500.02, -187500.02, -187500.02, 0.00, 0.00, 0.00, 0.00, 0.00, 0.00
106, 0.00, -187500.02, -187500.02, -187500.02, -187500.02, 0.00, 0.00, 0.00, 0.00, 0.00, 0.00
107, 0.00, -186454.33, -187500.02, -187500.02, -187500.02, 0.00, 0.00, 0.00, 0.00, 0.00, 0.00
108, 0.00, -182495.45, -187500.02, -187500.02, -187500.02, 0.00, 0.00, 0.00, 0.00, 0.00, 0.00
109, 0.00, -187500.02, -187500.02, -187500.02, -187500.02, 0.00, 0.00, 0.00, 0.00, 0.00, 0.00
110, 0.00, -187500.02, -187500.02, -187500.02, -185951.36, 0.00, 0.00, 0.00, 0.00, 0.00, 0.00
111, 0.00, -187500.02, -187500.02, -187500.02, -187500.02, 0.00, 0.00, 0.00, 0.00, 0.00, 0.00
112, 0.00, -181437.80, -187500.02, -187500.02, -187500.02, 0.00, 0.00, 0.00, 0.00, 0.00, 0.00
113, 0.00, -187500.02, -187500.02, -187500.02, -187500.02, 0.00, 0.00, 0.00, 0.00, 0.00, 0.00
114, 0.00, -187500.02, -187500.02, -187500.02, -184173.70, 0.00, 0.00, 0.00, 0.00, 0.00, 0.00
115, 0.00, -187500.02, -187500.02, -187500.02, -187500.02, 0.00, 0.00, 0.00, 0.00, 0.00, 0.00
116, 0.00, -181040.11, -187500.02, -187500.02, -187500.02, 0.00, 0.00, 0.00, 0.00, 0.00, 0.00
117, 0.00, -187500.02, -187500.02, -187500.02, -187500.02, 0.00, 0.00, 0.00, 0.00, 0.00, 0.00
118, 0.00, -187500.02, -187500.02, -187500.02, -183720.47, 0.00, 0.00, 0.00, 0.00, 0.00, 0.00
119, 0.00, -187500.02, -187500.02, -187500.02, -187500.02, 0.00, 0.00, 0.00, 0.00, 0.00, 0.00
120, 0.00, -181517.42, -187500.02, -187500.02, -187500.02, 0.00, 0.00, 0.00, 0.00, 0.00, 0.00
121, 0.00, -187500.02, -187500.02, -187500.02, -187500.02, 0.00, 0.00, 0.00, 0.00, 0.00, 0.00
122, 0.00, -187500.02, -187500.02, -187500.02, -184744.84, 0.00, 0.00, 0.00, 0.00, 0.00, 0.00
123, 0.00, -187500.02, -187500.02, -187500.02, -187500.02, 0.00, 0.00, 0.00, 0.00, 0.00, 0.00
124, 0.00, -182818.23, -187500.02, -187500.02, -187500.02, 0.00, 0.00, 0.00, 0.00, 0.00, 0.00
125, 0.00, -185847.58, -187500.02, -187500.02, -187500.02, 0.00, 0.00, 0.00, 0.00, 0.00, 0.00
126, 0.00, -187500.02, -187500.02, -187500.02, -187139.55, 0.00, 0.00, 0.00, 0.00, 0.00, 0.00
127, 0.00, -187500.02, -187500.02, -187500.02, -187500.02, 0.00, 0.00, 0.00, 0.00, 0.00, 0.00
128, 0.00, -184907.17, -187500.02, -187500.02, -187500.02, 0.00, 0.00, 0.00, 0.00, 0.00, 0.00
129, 0.00, -183758.47, -187500.02, -187500.02, -187500.02, 0.00, 0.00, 0.00, 0.00, 0.00, 0.00
130, 0.00, -187500.02, -187500.02, -187500.02, -187500.02, 0.00, 0.00, 0.00, 0.00, 0.00, 0.00
131, 0.00, -187500.02, -187500.02, -187500.02, -187500.02, 0.00, 0.00, 0.00, 0.00, 0.00, 0.00
132, 0.00, -187470.94, -187500.02, -187500.02, -187500.02, 0.00, 0.00, 0.00, 0.00, 0.00, 0.00
133, 0.00, -182117.58, -187500.02, -187500.02, -187500.02, 0.00, 0.00, 0.00, 0.00, 0.00, 0.00
134, 0.00, -187500.02, -187500.02, -187500.02, -187500.02, 0.00, 0.00, 0.00, 0.00, 0.00, 0.00
135, 0.00, -187500.02, -187500.02, -187500.02, -185326.88, 0.00, 0.00, 0.00, 0.00, 0.00, 0.00
136, 0.00, -187500.02, -187500.02, -187500.02, -187500.02, 0.00, 0.00, 0.00, 0.00, 0.00, 0.00
137, 0.00, -181211.64, -187500.02, -187500.02, -187500.02, 0.00, 0.00, 0.00, 0.00, 0.00, 0.00
138, 0.00, -187500.02, -187500.02, -187500.02, -187500.02, 0.00, 0.00, 0.00, 0.00, 0.00, 0.00
139, 0.00, -187500.02, -187500.02, -187500.02, -183950.98, 0.00, 0.00, 0.00, 0.00, 0.00, 0.00
140, 0.00, -187500.02, -187500.02, -187500.02, -187500.02, 0.00, 0.00, 0.00, 0.00, 0.00, 0.00
141, 0.00, -181096.64, -187500.02, -187500.02, -187500.02, 0.00, 0.00, 0.00, 0.00, 0.00, 0.00
142, 0.00, -187500.02, -187500.02, -187500.02, -187500.02, 0.00, 0.00, 0.00, 0.00, 0.00, 0.00
143, 0.00, -187500.02, -187500.02, -187500.02, -183951.98, 0.00, 0.00, 0.00, 0.00, 0.00, 0.00
144, 0.00, -187500.02, -187500.02, -187500.02, -187500.02, 0.00, 0.00, 0.00, 0.00, 0.00, 0.00
145, 0.00, -181875.11, -187500.02, -187500.02, -187500.02, 0.00, 0.00, 0.00, 0.00, 0.00, 0.00
146, 0.00, -187500.02, -187500.02, -187500.02, -187500.02, 0.00, 0.00, 0.00, 0.00, 0.00, 0.00
147, 0.00, -187500.02, -187500.02, -187500.02, -185430.56, 0.00, 0.00, 0.00, 0.00, 0.00, 0.00
148, 0.00, -187500.02, -187500.02, -187500.02, -187500.02, 0.00, 0.00, 0.00, 0.00, 0.00, 0.00
149, 0.00, -183468.92, -187500.02, -187500.02, -187500.02, 0.00, 0.00, 0.00, 0.00, 0.00, 0.00
150, 0.00, -185123.44, -187500.02, -187500.02, -187500.02, 0.00, 0.00, 0.00, 0.00, 0.00, 0.00
151, 0.00, -187500.02, -187500.02, -187500.02, -187500.02, 0.00, 0.00, 0.00, 0.00, 0.00, 0.00
152, 0.00, -187500.02, -187500.02, -187500.02, -187500.02, 0.00, 0.00, 0.00, 0.00, 0.00, 0.00
153, 0.00, -185713.00, -187500.02, -187500.02, -187500.02, 0.00, 0.00, 0.00, 0.00, 0.00, 0.00
154, 0.00, -183081.92, -187500.02, -187500.02, -187500.02, 0.00, 0.00, 0.00, 0.00, 0.00, 0.00
155, 0.00, -187500.02, -187500.02, -187500.02, -187500.02, 0.00, 0.00, 0.00, 0.00, 0.00, 0.00
156, 0.00, -187500.02, -187500.02, -187500.02, -186917.69, 0.00, 0.00, 0.00, 0.00, 0.00, 0.00
157, 0.00, -187500.02, -187500.02, -187500.02, -187500.02, 0.00, 0.00, 0.00, 0.00, 0.00, 0.00
158, 0.00, -181731.28, -187500.02, -187500.02, -187500.02, 0.00, 0.00, 0.00, 0.00, 0.00, 0.00
159, 0.00, -187500.02, -187500.02, -187500.02, -187500.02, 0.00, 0.00, 0.00, 0.00, 0.00, 0.00
160, 0.00, -187500.02, -187500.02, -187500.02, -184751.48, 0.00, 0.00, 0.00, 0.00, 0.00, 0.00
161, 0.00, -187500.02, -187500.02, -187500.02, -187500.02, 0.00, 0.00, 0.00, 0.00, 0.00, 0.00
162, 0.00, -181087.70, -187500.02, -187500.02, -187500.02, 0.00, 0.00, 0.00, 0.00, 0.00, 0.00
163, 0.00, -187500.02, -187500.02, -187500.02, -187500.02, 0.00, 0.00, 0.00, 0.00, 0.00, 0.00
164, 0.00, -187500.02, -187500.02, -187500.02, -183808.80, 0.00, 0.00, 0.00, 0.00, 0.00, 0.00
165, 0.00, -187500.02, -187500.02, -187500.02, -187500.02, 0.00, 0.00, 0.00, 0.00, 0.00, 0.00
166, 0.00, -181262.56, -187500.02, -187500.02, -187500.02, 0.00, 0.00, 0.00, 0.00, 0.00, 0.00
167, 0.00, -187500.02, -187500.02, -187500.02, -187500.02, 0.00, 0.00, 0.00, 0.00, 0.00, 0.00
168, 0.00, -187500.02, -187500.02, -187500.02, -184347.75, 0.00, 0.00, 0.00, 0.00, 0.00, 0.00
169, 0.00, -187500.02, -187500.02, -187500.02, -187500.02, 0.00, 0.00, 0.00, 0.00, 0.00, 0.00
170, 0.00, -182304.39, -187500.02, -187500.02, -187500.02, 0.00, 0.00, 0.00, 0.00, 0.00, 0.00
171, 0.00, -186654.69, -187500.02, -187500.02, -187500.02, 0.00, 0.00, 0.00, 0.00, 0.00, 0.00
172, 0.00, -187500.02, -187500.02, -187500.02, -186362.72, 0.00, 0.00, 0.00, 0.00, 0.00, 0.00
173, 0.00, -187500.02, -187500.02, -187500.02, -187500.02, 0.00, 0.00, 0.00, 0.00, 0.00, 0.00
174, 0.00, -184159.06, -187500.02, -187500.02, -187500.02, 0.00, 0.00, 0.00, 0.00, 0.00, 0.00
175, 0.00, -184346.30, -187500.02, -187500.02, -187500.02, 0.00, 0.00, 0.00, 0.00, 0.00, 0.00
176, 0.00, -187500.02, -187500.02, -187500.02, -187500.02, 0.00, 0.00, 0.00, 0.00, 0.00, 0.00
177, 0.00, -187500.02, -187500.02, -187500.02, -187500.02, 0.00, 0.00, 0.00, 0.00, 0.00, 0.00
178, 0.00, -186533.84, -187500.02, -187500.02, -187500.02, 0.00, 0.00, 0.00, 0.00, 0.00, 0.00
179, 0.00, -182494.30, -187500.02, -187500.02, -187500.02, 0.00, 0.00, 0.00, 0.00, 0.00, 0.00
180, 0.00, -187500.02, -187500.02, -187500.02, -187500.02, 0.00, 0.00, 0.00, 0.00, 0.00, 0.00
181, 0.00, -187500.02, -187500.02, -187500.02, -185990.69, 0.00, 0.00, 0.00, 0.00, 0.00, 0.00
182, 0.00, -187500.02, -187500.02, -187500.02, -187500.02, 0.00, 0.00, 0.00, 0.00, 0.00, 0.00
183, 0.00, -181376.23, -187500.02, -187500.02, -187500.02, 0.00, 0.00, 0.00, 0.00, 0.00, 0.00
184, 0.00, -187500.02, -187500.02, -187500.02, -187500.02, 0.00, 0.00, 0.00, 0.00, 0.00, 0.00
185, 0.00, -187500.02, -187500.02, -187500.02, -184160.98, 0.00, 0.00, 0.00, 0.00, 0.00, 0.00
186, 0.00, -187500.02, -187500.02, -187500.02, -187500.02, 0.00, 0.00, 0.00, 0.00, 0.00, 0.00
187, 0.00, -180982.56, -187500.02, -187500.02, -187500.02, 0.00, 0.00, 0.00, 0.00, 0.00, 0.00
188, 0.00, -187500.02, -187500.02, -187500.02, -187500.02, 0.00, 0.00, 0.00, 0.00, 0.00, 0.00
189, 0.00, -187500.02, -187500.02, -187500.02, -183767.39, 0.00, 0.00, 0.00, 0.00, 0.00, 0.00
190, 0.00, -187500.02, -187500.02, -187500.02, -187500.02, 0.00, 0.00, 0.00, 0.00, 0.00, 0.00
191, 0.00, -181497.67, -187500.02, -187500.02, -187500.02, 0.00, 0.00, 0.00, 0.00, 0.00, 0.00
192, 0.00, -187500.02, -187500.02, -187500.02, -187500.02, 0.00, 0.00, 0.00, 0.00, 0.00, 0.00
193, 0.00, -187500.02, -187500.02, -187500.02, -184851.89, 0.00, 0.00, 0.00, 0.00, 0.00, 0.00
194, 0.00, -187500.02, -187500.02, -187500.02, -187500.02, 0.00, 0.00, 0.00, 0.00, 0.00, 0.00
195, 0.00, -182781.31, -187500.02, -187500.02, -187500.02, 0.00, 0.00, 0.00, 0.00, 0.00, 0.00
196, 0.00, -185786.06, -187500.02, -187500.02, -187500.02, 0.00, 0.00, 0.00, 0.00, 0.00, 0.00
197, 0.00, -187500.02, -187500.02, -187500.02, -187225.83, 0.00, 0.00, 0.00, 0.00, 0.00, 0.00
198, 0.00, -187500.02, -187500.02, -187500.02, -187500.02, 0.00, 0.00, 0.00, 0.00, 0.00, 0.00
199, 0.00, -184856.61, -187500.02, -187500.02, -187500.02, 0.00, 0.00, 0.00, 0.00, 0.00, 0.00
200, 0.00, -183613.19, -187500.02, -187500.02, -187500.02, 0.00, 0.00, 0.00, 0.00, 0.00, 0.00
201, 0.00, -187500.02, -187500.02, -187500.02, -187500.02, 0.00, 0.00, 0.00, 0.00, 0.00, 0.00
202, 0.00, -187500.02, -187500.02, -187500.02, -187500.02, 0.00, 0.00, 0.00, 0.00, 0.00, 0.00
203, 0.00, -187449.86, -187500.02, -187500.02, -187500.02, 0.00, 0.00, 0.00, 0.00, 0.00, 0.00
204, 0.00, -181998.63, -187500.02, -187500.02, -187500.02, 0.00, 0.00, 0.00, 0.00, 0.00, 0.00
205, 0.00, -187500.02, -187500.02, -187500.02, -187500.02, 0.00, 0.00, 0.00, 0.00, 0.00, 0.00
206, 0.00, -187500.02, -187500.02, -187500.02, -185214.53, 0.00, 0.00, 0.00, 0.00, 0.00, 0.00
207, 0.00, -187500.02, -187500.02, -187500.02, -187500.02, 0.00, 0.00, 0.00, 0.00, 0.00, 0.00
208, 0.00, -181106.75, -187500.02, -187500.02, -187500.02, 0.00, 0.00, 0.00, 0.00, 0.00, 0.00
209, 0.00, -187500.02, -187500.02, -187500.02, -187500.02, 0.00, 0.00, 0.00, 0.00, 0.00, 0.00
210, 0.00, -187500.02, -187500.02, -187500.02, -183884.67, 0.00, 0.00, 0.00, 0.00, 0.00, 0.00
211, 0.00, -187500.02, -187500.02, -187500.02, -187500.02, 0.00, 0.00, 0.00, 0.00, 0.00, 0.00
212, 0.00, -181057.14, -187500.02, -187500.02, -187500.02, 0.00, 0.00, 0.00, 0.00, 0.00, 0.00
213, 0.00, -187500.02, -187500.02, -187500.02, -187500.02, 0.00, 0.00, 0.00, 0.00, 0.00, 0.00
214, 0.00, -187500.02, -187500.02, -187500.02, -183984.25, 0.00, 0.00, 0.00, 0.00, 0.00, 0.00
215, 0.00, -187500.02, -187500.02, -187500.02, -187500.02, 0.00, 0.00, 0.00, 0.00, 0.00, 0.00
216, 0.00, -181836.86, -187500.02, -187500.02, -187500.02, 0.00, 0.00, 0.00, 0.00, 0.00, 0.00
217, 0.00, -187410.88, -187500.02, -187500.02, -187500.02, 0.00, 0.00, 0.00, 0.00, 0.00, 0.00
218, 0.00, -187500.02, -187500.02, -187500.02, -185505.06, 0.00, 0.00, 0.00, 0.00, 0.00, 0.00
219, 0.00, -187500.02, -187500.02, -187500.02, -187500.02, 0.00, 0.00, 0.00, 0.00, 0.00, 0.00
220, 0.00, -183430.61, -187500.02, -187500.02, -187500.02, 0.00, 0.00, 0.00, 0.00, 0.00, 0.00
221, 0.00, -184992.78, -187500.02, -187500.02, -187500.02, 0.00, 0.00, 0.00, 0.00, 0.00, 0.00
222, 0.00, -187500.02, -187500.02, -187500.02, -187500.02, 0.00, 0.00, 0.00, 0.00, 0.00, 0.00
223, 0.00, -187500.02, -187500.02, -187500.02, -187500.02, 0.00, 0.00, 0.00, 0.00, 0.00, 0.00
224, 0.00, -185670.19, -187500.02, -187500.02, -187500.02, 0.00, 0.00, 0.00, 0.00, 0.00, 0.00
225, 0.00, -182985.55, -187500.02, -187500.02, -187500.02, 0.00, 0.00, 0.00, 0.00, 0.00, 0.00
226, 0.00, -187500.02, -187500.02, -187500.02, -187500.02, 0.00, 0.00, 0.00, 0.00, 0.00, 0.00
227, 0.00, -187500.02, -187500.02, -187500.02, -186848.86, 0.00, 0.00, 0.00, 0.00, 0.00, 0.00
228, 0.00, -187500.02, -187500.02, -187500.02, -187500.02, 0.00, 0.00, 0.00, 0.00, 0.00, 0.00
229, 0.00, -181623.55, -187500.02, -187500.02, -187500.02, 0.00, 0.00, 0.00, 0.00, 0.00, 0.00
230, 0.00, -187500.02, -187500.02, -187500.02, -187500.02, 0.00, 0.00, 0.00, 0.00, 0.00, 0.00
231, 0.00, -187500.02, -187500.02, -187500.02, -184654.11, 0.00, 0.00, 0.00, 0.00, 0.00, 0.00
232, 0.00, -187500.02, -187500.02, -187500.02, -187500.02, 0.00, 0.00, 0.00, 0.00, 0.00, 0.00
233, 0.00, -181030.77, -187500.02, -187500.02, -187500.02, 0.00, 0.00, 0.00, 0.00, 0.00, 0.00
234, 0.00, -187500.02, -187500.02, -187500.02, -187500.02, 0.00, 0.00, 0.00, 0.00, 0.00, 0.00
235, 0.00, -187500.02, -187500.02, -187500.02, -183717.47, 0.00, 0.00, 0.00, 0.00, 0.00, 0.00
236, 0.00, -187500.02, -187500.02, -187500.02, -187500.02, 0.00, 0.00, 0.00, 0.00, 0.00, 0.00
237, 0.00, -181224.31, -187500.02, -187500.02, -187500.02, 0.00, 0.00, 0.00, 0.00, 0.00, 0.00
238, 0.00, -187500.02, -187500.02, -187500.02, -187500.02, 0.00, 0.00, 0.00, 0.00, 0.00, 0.00
239, 0.00, -187500.02, -187500.02, -187500.02, -184319.91, 0.00, 0.00, 0.00, 0.00, 0.00, 0.00
240, 0.00, -187500.02, -187500.02, -187500.02, -187500.02, 0.00, 0.00, 0.00, 0.00, 0.00, 0.00
241, 0.00, -182296.94, -187500.02, -187500.02, -187500.02, 0.00, 0.00, 0.00, 0.00, 0.00, 0.00
242, 0.00, -186573.41, -187500.02, -187500.02, -187500.02, 0.00, 0.00, 0.00, 0.00, 0.00, 0.00
243, 0.00, -187500.02, -187500.02, -187500.02, -186307.33, 0.00, 0.00, 0.00, 0.00, 0.00, 0.00
244, 0.00, -187500.02, -187500.02, -187500.02, -187500.02, 0.00, 0.00, 0.00, 0.00, 0.00, 0.00
245, 0.00, -184124.33, -187500.02, -187500.02, -187500.02, 0.00, 0.00, 0.00, 0.00, 0.00, 0.00
246, 0.00, -184213.77, -187500.02, -187500.02, -187500.02, 0.00, 0.00, 0.00, 0.00, 0.00, 0.00
247, 0.00, -187500.02, -187500.02, -187500.02, -187500.02, 0.00, 0.00, 0.00, 0.00, 0.00, 0.00
248, 0.00, -187500.02, -187500.02, -187500.02, -187500.02, 0.00, 0.00, 0.00, 0.00, 0.00, 0.00
249, 0.00, -186627.45, -187500.02, -187500.02, -187500.02, 0.00, 0.00, 0.00, 0.00, 0.00, 0.00
250, 0.00, -182453.19, -187500.02, -187500.02, -187500.02, 0.00, 0.00, 0.00, 0.00, 0.00, 0.00
251, 0.00, -187500.02, -187500.02, -187500.02, -187500.02, 0.00, 0.00, 0.00, 0.00, 0.00, 0.00
252, 0.00, -187500.02, -187500.02, -187500.02, -185949.31, 0.00, 0.00, 0.00, 0.00, 0.00, 0.00
253, 0.00, -187500.02, -187500.02, -187500.02, -187500.02, 0.00, 0.00, 0.00, 0.00, 0.00, 0.00
254, 0.00, -181302.56, -187500.02, -187500.02, -187500.02, 0.00, 0.00, 0.00, 0.00, 0.00, 0.00
255, 0.00, -187500.02, -187500.02, -187500.02, -187500.02, 0.00, 0.00, 0.00, 0.00, 0.00, 0.00
0, 0.00, -187500.02, -187500.02, -187500.02, -184157.63, 0.00, 0.00, 0.00, 0.00, 0.00, 0.00
1, 0.00, -187500.02, -187500.02, -187500.02, -187500.02, 0.00, 0.00, 0.00, 0.00, 0.00, 0.00
2, 0.00, -180993.11, -187500.02, -187500.02, -187500.02, 0.00, 0.00, 0.00, 0.00, 0.00, 0.00
3, 0.00, -187500.02, -187500.02, -187500.02, -187500.02, 0.00, 0.00, 0.00, 0.00, 0.00, 0.00
4, 0.00, -187500.02, -187500.02, -187500.02, -183781.00, 0.00, 0.00, 0.00, 0.00, 0.00, 0.00
5, 0.00, -187500.02, -187500.02, -187500.02, -187500.02, 0.00, 0.00, 0.00, 0.00, 0.00, 0.00
6, 0.00, -181471.70, -187500.02, -187500.02, -187500.02, 0.00, 0.00, 0.00, 0.00, 0.00, 0.00
7, 0.00, -187500.02, -187500.02, -187500.02, -187500.02, 0.00, 0.00, 0.00, 0.00, 0.00, 0.00
8, 0.00, -187500.02, -187500.02, -187500.02, -184884.06, 0.00, 0.00, 0.00, 0.00, 0.00, 0.00
9, 0.00, -187500.02, -187500.02, -187500.02, -187500.02, 0.00, 0.00, 0.00, 0.00, 0.00, 0.00
10, 0.00, -182859.77, -187500.02, -187500.02, -187500.02, 0.00, 0.00, 0.00, 0.00, 0.00, 0.00
11, 0.00, -185700.34, -187500.02, -187500.02, -187500.02, 0.00, 0.00, 0.00, 0.00, 0.00, 0.00
12, 0.00, -187500.02, -187500.02, -187500.02, -187286.13, 0.00, 0.00, 0.00, 0.00, 0.00, 0.00
13, 0.00, -187500.02, -187500.02, -187500.02, -187500.02, 0.00, 0.00, 0.00, 0.00, 0.00, 0.00
14, 0.00, -184889.47, -187500.02, -187500.02, -187500.02, 0.00, 0.00, 0.00, 0.00, 0.00, 0.00
15, 0.00, -183547.27, -187500.02, -187500.02, -187500.02, 0.00, 0.00, 0.00, 0.00, 0.00, 0.00
16, 0.00, -187500.02, -187500.02, -187500.02, -187500.02, 0.00, 0.00, 0.00, 0.00, 0.00, 0.00
17, 0.00, -187500.02, -187500.02, -187500.02, -187500.02, 0.00, 0.00, 0.00, 0.00, 0.00, 0.00
18, 0.00, -187500.02, -187500.02, -187500.02, -187500.02, 0.00, 0.00, 0.00, 0.00, 0.00, 0.00
19, 0.00, -181922.42, -187500.02, -187500.02, -187500.02, 0.00, 0.00, 0.00, 0.00, 0.00, 0.00
20, 0.00, -187500.02, -187500.02, -187500.02, -187500.02, 0.00, 0.00, 0.00, 0.00, 0.00, 0.00
21, 0.00, -187500.02, -187500.02, -187500.02, -185215.95, 0.00, 0.00, 0.00, 0.00, 0.00, 0.00
22, 0.00, -187500.02, -187500.02, -187500.02, -187500.02, 0.00, 0.00, 0.00, 0.00, 0.00, 0.00
23, 0.00, -181072.84, -187500.02, -187500.02, -187500.02, 0.00, 0.00, 0.00, 0.00, 0.00, 0.00
24, 0.00, -187500.02, -187500.02, -187500.02, -187500.02, 0.00, 0.00, 0.00, 0.00, 0.00, 0.00
25, 0.00, -187500.02, -187500.02, -187500.02, -183923.61, 0.00, 0.00, 0.00, 0.00, 0.00, 0.00
26, 0.00, -187500.02, -187500.02, -187500.02, -187500.02, 0.00, 0.00, 0.00, 0.00, 0.00, 0.00
27, 0.00, -181055.53, -187500.02, -187500.02, -187500.02, 0.00, 0.00, 0.00, 0.00, 0.00, 0.00
28, 0.00, -187500.02, -187500.02, -187500.02, -187500.02, 0.00, 0.00, 0.00, 0.00, 0.00, 0.00
29, 0.00, -187500.02, -187500.02, -187500.02, -184076.13, 0.00, 0.00, 0.00, 0.00, 0.00, 0.00
30, 0.00, -187500.02, -187500.02, -187500.02, -187500.02, 0.00, 0.00, 0.00, 0.00, 0.00, 0.00
31, 0.00, -181892.92, -187500.02, -187500.02, -187500.02, 0.00, 0.00, 0.00, 0.00, 0.00, 0.00
32, 0.00, -187322.34, -187500.02, -187500.02, -187500.02, 0.00, 0.00, 0.00, 0.00, 0.00, 0.00
33, 0.00, -187500.02, -187500.02, -187500.02, -185612.72, 0.00, 0.00, 0.00, 0.00, 0.00, 0.00
34, 0.00, -187500.02, -187500.02, -187500.02, -187500.02, 0.00, 0.00, 0.00, 0.00, 0.00, 0.00
35, 0.00, -183500.69, -187500.02, -187500.02, -187500.02, 0.00, 0.00, 0.00, 0.00, 0.00, 0.00
36, 0.00, -184886.56, -187500.02, -187500.02, -187500.02, 0.00, 0.00, 0.00, 0.00, 0.00, 0.00
37, 0.00, -187500.02, -187500.02, -187500.02, -187500.02, 0.00, 0.00, 0.00, 0.00, 0.00, 0.00
38, 0.00, -187500.02, -187500.02, -187500.02, -187500.02, 0.00, 0.00, 0.00, 0.00, 0.00, 0.00
39, 0.00, -185748.28, -187500.02, -187500.02, -187500.02, 0.00, 0.00, 0.00, 0.00, 0.00, 0.00
40, 0.00, -182872.89, -187500.02, -187500.02, -187500.02, 0.00, 0.00, 0.00, 0.00, 0.00, 0.00
41, 0.00, -187500.02, -187500.02, -187500.02, -187500.02, 0.00, 0.00, 0.00, 0.00, 0.00, 0.00
42, 0.00, -187500.02, -187500.02, -187500.02, -186666.31, 0.00, 0.00, 0.00, 0.00, 0.00, 0.00
43, 0.00, -187500.02, -187500.02, -187500.02, -187500.02, 0.00, 0.00, 0.00, 0.00, 0.00, 0.00
44, 0.00, -181532.45, -187500.02, -187500.02, -187500.02, 0.00, 0.00, 0.00, 0.00, 0.00, 0.00
45, 0.00, -187500.02, -187500.02, -187500.02, -187500.02, 0.00, 0.00, 0.00, 0.00, 0.00, 0.00
46, 0.00, -187500.02, -187500.02, -187500.02, -184646.08, 0.00, 0.00, 0.00, 0.00, 0.00, 0.00
47, 0.00, -187500.02, -187500.02, -187500.02, -187500.02, 0.00, 0.00, 0.00, 0.00, 0.00, 0.00
48, 0.00, -181017.19, -187500.02, -187500.02, -187500.02, 0.00, 0.00, 0.00, 0.00, 0.00, 0.00
49, 0.00, -187500.02, -187500.02, -187500.02, -187500.02, 0.00, 0.00, 0.00, 0.00, 0.00, 0.00
50, 0.00, -187500.02, -187500.02, -187500.02, -183779.34, 0.00, 0.00, 0.00, 0.00, 0.00, 0.00
51, 0.00, -187500.02, -187500.02, -187500.02, -187500.02, 0.00, 0.00, 0.00, 0.00, 0.00, 0.00
52, 0.00, -181256.25, -187500.02, -187500.02, -187500.02, 0.00, 0.00, 0.00, 0.00, 0.00, 0.00
53, 0.00, -187500.02, -187500.02, -187500.02, -187500.02, 0.00, 0.00, 0.00, 0.00, 0.00, 0.00
54, 0.00, -187500.02, -187500.02, -187500.02, -184421.58, 0.00, 0.00, 0.00, 0.00, 0.00, 0.00
55, 0.00, -187500.02, -187500.02, -187500.02, -187500.02, 0.00, 0.00, 0.00, 0.00, 0.00, 0.00
56, 0.00, -182354.47, -187500.02, -187500.02, -187500.02, 0.00, 0.00, 0.00, 0.00, 0.00, 0.00
57, 0.00, -186449.13, -187500.02, -187500.02, -187500.02, 0.00, 0.00, 0.00, 0.00, 0.00, 0.00
58, 0.00, -187500.02, -187500.02, -187500.02, -186469.73, 0.00, 0.00, 0.00, 0.00, 0.00, 0.00
59, 0.00, -187500.02, -187500.02, -187500.02, -187500.02, 0.00, 0.00, 0.00, 0.00, 0.00, 0.00
60, 0.00, -184212.39, -187500.02, -187500.02, -187500.02, 0.00, 0.00, 0.00, 0.00, 0.00, 0.00
61, 0.00, -184172.48, -187500.02, -187500.02, -187500.02, 0.00, 0.00, 0.00, 0.00, 0.00, 0.00
62, 0.00, -187500.02, -187500.02, -187500.02, -187500.02, 0.00, 0.00, 0.00, 0.00, 0.00, 0.00
63, 0.00, -187500.02, -187500.02, -187500.02, -187500.02, 0.00, 0.00, 0.00, 0.00, 0.00, 0.00
64, 0.00, -186651.83, -187500.02, -187500.02, -187500.02, 0.00, 0.00, 0.00, 0.00, 0.00, 0.00
65, 0.00, -182342.70, -187500.02, -187500.02, -187500.02, 0.00, 0.00, 0.00, 0.00, 0.00, 0.00
66, 0.00, -187500.02, -187500.02, -187500.02, -187500.02, 0.00, 0.00, 0.00, 0.00, 0.00, 0.00
67, 0.00, -187500.02, -187500.02, -187500.02, -185929.52, 0.00, 0.00, 0.00, 0.00, 0.00, 0.00
68, 0.00, -187500.02, -187500.02, -187500.02, -187500.02, 0.00, 0.00, 0.00, 0.00, 0.00, 0.00
69, 0.00, -181312.97, -187500.02, -187500.02, -187500.02, 0.00, 0.00, 0.00, 0.00, 0.00, 0.00
70, 0.00, -187500.02, -187500.02, -187500.02, -187500.02, 0.00, 0.00, 0.00, 0.00, 0.00, 0.00
71, 0.00, -187500.02, -187500.02, -187500.02, -184235.45, 0.00, 0.00, 0.00, 0.00, 0.00, 0.00
72, 0.00, -187500.02, -187500.02, -187500.02, -187500.02, 0.00, 0.00, 0.00, 0.00, 0.00, 0.00
73, 0.00, -180984.48, -187500.02, -187500.02, -187500.02, 0.00, 0.00, 0.00, 0.00, 0.00, 0.00
74, 0.00, -187500.02, -187500.02, -187500.02, -187500.02, 0.00, 0.00, 0.00, 0.00, 0.00, 0.00
75, 0.00, -187500.02, -187500.02, -187500.02, -183872.47, 0.00, 0.00, 0.00, 0.00, 0.00, 0.00
76, 0.00, -187500.02, -187500.02, -187500.02, -187500.02, 0.00, 0.00, 0.00, 0.00, 0.00, 0.00
77, 0.00, -181538.16, -187500.02, -187500.02, -187500.02, 0.00, 0.00, 0.00, 0.00, 0.00, 0.00
78, 0.00, -187500.02, -187500.02, -187500.02, -187500.02, 0.00, 0.00, 0.00, 0.00, 0.00, 0.00
79, 0.00, -187500.02, -187500.02, -187500.02, -184967.03, 0.00, 0.00, 0.00, 0.00, 0.00, 0.00
80, 0.00, -187500.02, -187500.02, -187500.02, -187500.02, 0.00, 0.00, 0.00, 0.00, 0.00, 0.00
81, 0.00, -182900.58, -187500.02, -187500.02, -187500.02, 0.00, 0.00, 0.00, 0.00, 0.00, 0.00
82, 0.00, -185616.03, -187500.02, -187500.02, -187500.02, 0.00, 0.00, 0.00, 0.00, 0.00, 0.00
83, 0.00, -187500.02, -187500.02, -187500.02, -187446.06, 0.00, 0.00, 0.00, 0.00, 0.00, 0.00
84, 0.00, -187500.02, -187500.02, -187500.02, -187500.02, 0.00, 0.00, 0.00, 0.00, 0.00, 0.00
85, 0.00, -185000.06, -187500.02, -187500.02, -187500.02, 0.00, 0.00, 0.00, 0.00, 0.00, 0.00
86, 0.00, -183438.23, -187500.02, -187500.02, -187500.02, 0.00, 0.00, 0.00, 0.00, 0.00, 0.00
87, 0.00, -187500.02, -187500.02, -187500.02, -187500.02, 0.00, 0.00, 0.00, 0.00, 0.00, 0.00
88, 0.00, -187500.02, -187500.02, -187500.02, -187500.02, 0.00, 0.00, 0.00, 0.00, 0.00, 0.00
89, 0.00, -187500.02, -187500.02, -187500.02, -187500.02, 0.00, 0.00, 0.00, 0.00, 0.00, 0.00
90, 0.00, -181959.08, -187500.02, -187500.02, -187500.02, 0.00, 0.00, 0.00, 0.00, 0.00, 0.00
91, 0.00, -187500.02, -187500.02, -187500.02, -187500.02, 0.00, 0.00, 0.00, 0.00, 0.00, 0.00
92, 0.00, -187500.02, -187500.02, -187500.02, -185201.19, 0.00, 0.00, 0.00, 0.00, 0.00, 0.00
93, 0.00, -187500.02, -187500.02, -187500.02, -187500.02, 0.00, 0.00, 0.00, 0.00, 0.00, 0.00
94, 0.00, -181113.56, -187500.02, -187500.02, -187500.02, 0.00, 0.00, 0.00, 0.00, 0.00, 0.00
95, 0.00, -187500.02, -187500.02, -187500.02, -187500.02, 0.00, 0.00, 0.00, 0.00, 0.00, 0.00
96, 0.00, -187500.02, -187500.02, -187500.02, -183936.48, 0.00, 0.00, 0.00, 0.00, 0.00, 0.00
97, 0.00, -187500.02, -187500.02, -187500.02, -187500.02, 0.00, 0.00, 0.00, 0.00, 0.00, 0.00
98, 0.00, -181079.39, -187500.02, -187500.02, -187500.02, 0.00, 0.00, 0.00, 0.00, 0.00, 0.00
99, 0.00, -187500.02, -187500.02, -187500.02, -187500.02, 0.00, 0.00, 0.00, 0.00, 0.00, 0.00
100, 0.00, -187500.02, -187500.02, -187500.02, -184068.75, 0.00, 0.00, 0.00, 0.00, 0.00, 0.00
101, 0.00, -187500.02, -187500.02, -187500.02, -187500.02, 0.00, 0.00, 0.00, 0.00, 0.00, 0.00
102, 0.00, -181893.33, -187500.02, -187500.02, -187500.02, 0.00, 0.00, 0.00, 0.00, 0.00, 0.00
103, 0.00, -187207.77, -187500.02, -187500.02, -187500.02, 0.00, 0.00, 0.00, 0.00, 0.00, 0.00
104, 0.00, -187500.02, -187500.02, -187500.02, -185706.72, 0.00, 0.00, 0.00, 0.00, 0.00, 0.00
105, 0.00, -187500.02, -187500.02, -187500.02, -187500.02, 0.00, 0.00, 0.00, 0.00, 0.00, 0.00
106, 0.00, -183561.61, -187500.02, -187500.02, -187500.02, 0.00, 0.00, 0.00, 0.00, 0.00, 0.00
107, 0.00, -184806.47, -187500.02, -187500.02, -187500.02, 0.00, 0.00, 0.00, 0.00, 0.00, 0.00
108, 0.00, -187500.02, -187500.02, -187500.02, -187500.02, 0.00, 0.00, 0.00, 0.00, 0.00, 0.00
109, 0.00, -187500.02, -187500.02, -187500.02, -187500.02, 0.00, 0.00, 0.00, 0.00, 0.00, 0.00
110, 0.00, -185883.77, -187500.02, -187500.02, -187500.02, 0.00, 0.00, 0.00, 0.00, 0.00, 0.00
111, 0.00, -182858.75, -187500.02, -187500.02, -187500.02, 0.00, 0.00, 0.00, 0.00, 0.00, 0.00
112, 0.00, -187500.02, -187500.02, -187500.02, -187500.02, 0.00, 0.00, 0.00, 0.00, 0.00, 0.00
113, 0.00, -187500.02, -187500.02, -187500.02, -186676.78, 0.00, 0.00, 0.00, 0.00, 0.00, 0.00
114, 0.00, -187500.02, -187500.02, -187500.02, -187500.02, 0.00, 0.00, 0.00, 0.00, 0.00, 0.00
115, 0.00, -181521.70, -187500.02, -187500.02, -187500.02, 0.00, 0.00, 0.00, 0.00, 0.00, 0.00
116, 0.00, -187500.02, -187500.02, -187500.02, -187500.02, 0.00, 0.00, 0.00, 0.00, 0.00, 0.00
117, 0.00, -187500.02, -187500.02, -187500.02, -184551.86, 0.00, 0.00, 0.00, 0.00, 0.00, 0.00
118, 0.00, -187500.02, -187500.02, -187500.02, -187500.02, 0.00, 0.00, 0.00, 0.00, 0.00, 0.00
119, 0.00, -181002.59, -187500.02, -187500.02, -187500.02, 0.00, 0.00, 0.00, 0.00, 0.00, 0.00
120, 0.00, -187500.02, -187500.02, -187500.02, -187500.02, 0.00, 0.00, 0.00, 0.00, 0.00, 0.00
121, 0.00, -187500.02, -187500.02, -187500.02, -183783.91, 0.00, 0.00, 0.00, 0.00, 0.00, 0.00
122, 0.00, -187500.02, -187500.02, -187500.02, -187500.02, 0.00, 0.00, 0.00, 0.00, 0.00, 0.00
123, 0.00, -181300.61, -187500.02, -187500.02, -187500.02, 0.00, 0.00, 0.00, 0.00, 0.00, 0.00
124, 0.00, -187500.02, -187500.02, -187500.02, -187500.02, 0.00, 0.00, 0.00, 0.00, 0.00, 0.00
125, 0.00, -187500.02, -187500.02, -187500.02, -184523.61, 0.00, 0.00, 0.00, 0.00, 0.00, 0.00
126, 0.00, -187500.02, -187500.02, -187500.02, -187500.02, 0.00, 0.00, 0.00, 0.00, 0.00, 0.00
127, 0.00, -182442.91, -187500.02, -187500.02, -187500.02, 0.00, 0.00, 0.00, 0.00, 0.00, 0.00
128, 0.00, -186379.19, -187500.02, -187500.02, -187500.02, 0.00, 0.00, 0.00, 0.00, 0.00, 0.00
129, 0.00, -187500.02, -187500.02, -187500.02, -186600.92, 0.00, 0.00, 0.00, 0.00, 0.00, 0.00
130, 0.00, -187500.02, -187500.02, -187500.02, -187500.02, 0.00, 0.00, 0.00, 0.00, 0.00, 0.00
131, 0.00, -184344.86, -187500.02, -187500.02, -187500.02, 0.00, 0.00, 0.00, 0.00, 0.00, 0.00
132, 0.00, -184092.30, -187500.02, -187500.02, -187500.02, 0.00, 0.00, 0.00, 0.00, 0.00, 0.00
133, 0.00, -187500.02, -187500.02, -187500.02, -187500.02, 0.00, 0.00, 0.00, 0.00, 0.00, 0.00
134, 0.00, -187500.02, -187500.02, -187500.02, -187500.02, 0.00, 0.00, 0.00, 0.00, 0.00, 0.00
135, 0.00, -186815.38, -187500.02, -187500.02, -187500.02, 0.00, 0.00, 0.00, 0.00, 0.00, 0.00
136, 0.00, -182337.61, -187500.02, -187500.02, -187500.02, 0.00, 0.00, 0.00, 0.00, 0.00, 0.00
137, 0.00, -187500.02, -187500.02, -187500.02, -187500.02, 0.00, 0.00, 0.00, 0.00, 0.00, 0.00
138, 0.00, -187500.02, -187500.02, -187500.02, -185753.86, 0.00, 0.00, 0.00, 0.00, 0.00, 0.00
139, 0.00, -187500.02, -187500.02, -187500.02, -187500.02, 0.00, 0.00, 0.00, 0.00, 0.00, 0.00
140, 0.00, -181270.94, -187500.02, -187500.02, -187500.02, 0.00, 0.00, 0.00, 0.00, 0.00, 0.00
141, 0.00, -187500.02, -187500.02, -187500.02, -187500.02, 0.00, 0.00, 0.00, 0.00, 0.00, 0.00
142, 0.00, -187500.02, -187500.02, -187500.02, -184091.13, 0.00, 0.00, 0.00, 0.00, 0.00, 0.00
143, 0.00, -187500.02, -187500.02, -187500.02, -187500.02, 0.00, 0.00, 0.00, 0.00, 0.00, 0.00
144, 0.00, -180960.28, -187500.02, -187500.02, -187500.02, 0.00, 0.00, 0.00, 0.00, 0.00, 0.00
145, 0.00, -187500.02, -187500.02, -187500.02, -187500.02, 0.00, 0.00, 0.00, 0.00, 0.00, 0.00
146, 0.00, -187500.02, -187500.02, -187500.02, -183831.06, 0.00, 0.00, 0.00, 0.00, 0.00, 0.00
147, 0.00, -187500.02, -187500.02, -187500.02, -187500.02, 0.00, 0.00, 0.00, 0.00, 0.00, 0.00
148, 0.00, -181555.38, -187500.02, -187500.02, -187500.02, 0.00, 0.00, 0.00, 0.00, 0.00, 0.00
149, 0.00, -187500.02, -187500.02, -187500.02, -187500.02, 0.00, 0.00, 0.00, 0.00, 0.00, 0.00
150, 0.00, -187500.02, -187500.02, -187500.02, -185059.50, 0.00, 0.00, 0.00, 0.00, 0.00, 0.00
151, 0.00, -187500.02, -187500.02, -187500.02, -187500.02, 0.00, 0.00, 0.00, 0.00, 0.00, 0.00
152, 0.00, -182979.91, -187500.02, -187500.02, -187500.02, 0.00, 0.00, 0.00, 0.00, 0.00, 0.00
153, 0.00, -185493.64, -187500.02, -187500.02, -187500.02, 0.00, 0.00, 0.00, 0.00, 0.00, 0.00
154, 0.00, -187500.02, -187500.02, -187500.02, -187500.02, 0.00, 0.00, 0.00, 0.00, 0.00, 0.00
155, 0.00, -187500.02, -187500.02, -187500.02, -187500.02, 0.00, 0.00, 0.00, 0.00, 0.00, 0.00
156, 0.00, -185102.67, -187500.02, -187500.02, -187500.02, 0.00, 0.00, 0.00, 0.00, 0.00, 0.00
157, 0.00, -183373.64, -187500.02, -187500.02, -187500.02, 0.00, 0.00, 0.00, 0.00, 0.00, 0.00
158, 0.00, -187500.02, -187500.02, -187500.02, -187500.02, 0.00, 0.00, 0.00, 0.00, 0.00, 0.00
159, 0.00, -187500.02, -187500.02, -187500.02, -187425.05, 0.00, 0.00, 0.00, 0.00, 0.00, 0.00
160, 0.00, -187500.02, -187500.02, -187500.02, -187500.02, 0.00, 0.00, 0.00, 0.00, 0.00, 0.00
161, 0.00, -181855.59, -187500.02, -187500.02, -187500.02, 0.00, 0.00, 0.00, 0.00, 0.00, 0.00
162, 0.00, -187500.02, -187500.02, -187500.02, -187500.02, 0.00, 0.00, 0.00, 0.00, 0.00, 0.00
163, 0.00, -187500.02, -187500.02, -187500.02, -185053.27, 0.00, 0.00, 0.00, 0.00, 0.00, 0.00
164, 0.00, -187500.02, -187500.02, -187500.02, -187500.02, 0.00, 0.00, 0.00, 0.00, 0.00, 0.00
165, 0.00, -181092.33, -187500.02, -187500.02, -187500.02, 0.00, 0.00, 0.00, 0.00, 0.00, 0.00
166, 0.00, -187500.02, -187500.02, -187500.02, -187500.02, 0.00, 0.00, 0.00, 0.00, 0.00, 0.00
167, 0.00, -187500.02, -187500.02, -187500.02, -183826.38, 0.00, 0.00, 0.00, 0.00, 0.00, 0.00
168, 0.00, -187500.02, -187500.02, -187500.02, -187500.02, 0.00, 0.00, 0.00, 0.00, 0.00, 0.00
169, 0.00, -181117.00, -187500.02, -187500.02, -187500.02, 0.00, 0.00, 0.00, 0.00, 0.00, 0.00
170, 0.00, -187500.02, -187500.02, -187500.02, -187500.02, 0.00, 0.00, 0.00, 0.00, 0.00, 0.00
171, 0.00, -187500.02, -187500.02, -187500.02, -184095.55, 0.00, 0.00, 0.00, 0.00, 0.00, 0.00
172, 0.00, -187500.02, -187500.02, -187500.02, -187500.02, 0.00, 0.00, 0.00, 0.00, 0.00, 0.00
173, 0.00, -181968.25, -187500.02, -187500.02, -187500.02, 0.00, 0.00, 0.00, 0.00, 0.00, 0.00
174, 0.00, -187154.08, -187500.02, -187500.02, -187500.02, 0.00, 0.00, 0.00, 0.00, 0.00, 0.00
175, 0.00, -187500.02, -187500.02, -187500.02, -185780.14, 0.00, 0.00, 0.00, 0.00, 0.00, 0.00
176, 0.00, -187500.02, -187500.02, -187500.02, -187500.02, 0.00, 0.00, 0.00, 0.00, 0.00, 0.00
177, 0.00, -183676.80, -187500.02, -187500.02, -187500.02, 0.00, 0.00, 0.00, 0.00, 0.00, 0.00
178, 0.00, -184749.20, -187500.02, -187500.02, -187500.02, 0.00, 0.00, 0.00, 0.00, 0.00, 0.00
179, 0.00, -187500.02, -187500.02, -187500.02, -187500.02, 0.00, 0.00, 0.00, 0.00, 0.00, 0.00
180, 0.00, -187500.02, -187500.02, -187500.02, -187500.02, 0.00, 0.00, 0.00, 0.00, 0.00, 0.00
181, 0.00, -185984.59, -187500.02, -187500.02, -187500.02, 0.00, 0.00, 0.00, 0.00, 0.00, 0.00
182, 0.00, -182808.19, -187500.02, -187500.02, -187500.02, 0.00, 0.00, 0.00, 0.00, 0.00, 0.00
183, 0.00, -187500.02, -187500.02, -187500.02, -187500.02, 0.00, 0.00, 0.00, 0.00, 0.00, 0.00
184, 0.00, -187500.02, -187500.02, -187500.02, -186558.14, 0.00, 0.00, 0.00, 0.00, 0.00, 0.00
185, 0.00, -187500.02, -187500.02, -187500.02, -187500.02, 0.00, 0.00, 0.00, 0.00, 0.00, 0.00
186, 0.00, -181511.97, -187500.02, -187500.02, -187500.02, 0.00, 0.00, 0.00, 0.00, 0.00, 0.00
187, 0.00, -187500.02, -187500.02, -187500.02, -187500.02, 0.00, 0.00, 0.00, 0.00, 0.00, 0.00
188, 0.00, -187500.02, -187500.02, -187500.02, -184505.86, 0.00, 0.00, 0.00, 0.00, 0.00, 0.00
189, 0.00, -187500.02, -187500.02, -187500.02, -187500.02, 0.00, 0.00, 0.00, 0.00, 0.00, 0.00
190, 0.00, -180991.39, -187500.02, -187500.02, -187500.02, 0.00, 0.00, 0.00, 0.00, 0.00, 0.00
191, 0.00, -187500.02, -187500.02, -187500.02, -187500.02, 0.00, 0.00, 0.00, 0.00, 0.00, 0.00
192, 0.00, -187500.02, -187500.02, -187500.02, -183752.77, 0.00, 0.00, 0.00, 0.00, 0.00, 0.00
193, 0.00, -187500.02, -187500.02, -187500.02, -187500.02, 0.00, 0.00, 0.00, 0.00, 0.00, 0.00
194, 0.00, -181301.67, -187500.02, -187500.02, -187500.02, 0.00, 0.00, 0.00, 0.00, 0.00, 0.00
195, 0.00, -187500.02, -187500.02, -187500.02, -187500.02, 0.00, 0.00, 0.00, 0.00, 0.00, 0.00
196, 0.00, -187500.02, -187500.02, -187500.02, -184545.42, 0.00, 0.00, 0.00, 0.00, 0.00, 0.00
197, 0.00, -187500.02, -187500.02, -187500.02, -187500.02, 0.00, 0.00, 0.00, 0.00, 0.00, 0.00
198, 0.00, -182459.67, -187500.02, -187500.02, -187500.02, 0.00, 0.00, 0.00, 0.00, 0.00, 0.00
199, 0.00, -186268.30, -187500.02, -187500.02, -187500.02, 0.00, 0.00, 0.00, 0.00, 0.00, 0.00
200, 0.00, -187500.02, -187500.02, -187500.02, -186717.28, 0.00, 0.00, 0.00, 0.00, 0.00, 0.00
201, 0.00, -187500.02, -187500.02, -187500.02, -187500.02, 0.00, 0.00, 0.00, 0.00, 0.00, 0.00
202, 0.00, -184428.75, -187500.02, -187500.02, -187500.02, 0.00, 0.00, 0.00, 0.00, 0.00, 0.00
203, 0.00, -184030.02, -187500.02, -187500.02, -187500.02, 0.00, 0.00, 0.00, 0.00, 0.00, 0.00
204, 0.00, -187500.02, -187500.02, -187500.02, -187500.02, 0.00, 0.00, 0.00, 0.00, 0.00, 0.00
205, 0.00, -187500.02, -187500.02, -187500.02, -187500.02, 0.00, 0.00, 0.00, 0.00, 0.00, 0.00
206, 0.00, -186862.50, -187500.02, -187500.02, -187500.02, 0.00, 0.00, 0.00, 0.00, 0.00, 0.00
207, 0.00, -182213.06, -187500.02, -187500.02, -187500.02, 0.00, 0.00, 0.00, 0.00, 0.00, 0.00
208, 0.00, -187500.02, -187500.02, -187500.02, -187500.02, 0.00, 0.00, 0.00, 0.00, 0.00, 0.00
209, 0.00, -187500.02, -187500.02, -187500.02, -185659.38, 0.00, 0.00, 0.00, 0.00, 0.00, 0.00
210, 0.00, -187500.02, -187500.02, -187500.02, -187500.02, 0.00, 0.00, 0.00, 0.00, 0.00, 0.00
211, 0.00, -181206.86, -187500.02, -187500.02, -187500.02, 0.00, 0.00, 0.00, 0.00, 0.00, 0.00
212, 0.00, -187500.02, -187500.02, -187500.02, -187500.02, 0.00, 0.00, 0.00, 0.00, 0.00, 0.00
213, 0.00, -187500.02, -187500.02, -187500.02, -184061.45, 0.00, 0.00, 0.00, 0.00, 0.00, 0.00
214, 0.00, -187500.02, -187500.02, -187500.02, -187500.02, 0.00, 0.00, 0.00, 0.00, 0.00, 0.00
215, 0.00, -181004.00, -187500.02, -187500.02, -187500.02, 0.00, 0.00, 0.00, 0.00, 0.00, 0.00
216, 0.00, -187500.02, -187500.02, -187500.02, -187500.02, 0.00, 0.00, 0.00, 0.00, 0.00, 0.00
217, 0.00, -187500.02, -187500.02, -187500.02, -183899.42, 0.00, 0.00, 0.00, 0.00, 0.00, 0.00
218, 0.00, -187500.02, -187500.02, -187500.02, -187500.02, 0.00, 0.00, 0.00, 0.00, 0.00, 0.00
219, 0.00, -181617.31, -187500.02, -187500.02, -187500.02, 0.00, 0.00, 0.00, 0.00, 0.00, 0.00
220, 0.00, -187500.02, -187500.02, -187500.02, -187500.02, 0.00, 0.00, 0.00, 0.00, 0.00, 0.00
221, 0.00, -187500.02, -187500.02, -187500.02, -185166.45, 0.00, 0.00, 0.00, 0.00, 0.00, 0.00
222, 0.00, -187500.02, -187500.02, -187500.02, -187500.02, 0.00, 0.00, 0.00, 0.00, 0.00, 0.00
223, 0.00, -183055.39, -187500.02, -187500.02, -187500.02, 0.00, 0.00, 0.00, 0.00, 0.00, 0.00
224, 0.00, -185422.75, -187500.02, -187500.02, -187500.02, 0.00, 0.00, 0.00, 0.00, 0.00, 0.00
225, 0.00, -187500.02, -187500.02, -187500.02, -187500.02, 0.00, 0.00, 0.00, 0.00, 0.00, 0.00
226, 0.00, -187500.02, -187500.02, -187500.02, -187500.02, 0.00, 0.00, 0.00, 0.00, 0.00, 0.00
227, 0.00, -185189.05, -187500.02, -187500.02, -187500.02, 0.00, 0.00, 0.00, 0.00, 0.00, 0.00
228, 0.00, -183307.19, -187500.02, -187500.02, -187500.02, 0.00, 0.00, 0.00, 0.00, 0.00, 0.00
229, 0.00, -187500.02, -187500.02, -187500.02, -187500.02, 0.00, 0.00, 0.00, 0.00, 0.00, 0.00
230, 0.00, -187500.02, -187500.02, -187500.02, -187383.42, 0.00, 0.00, 0.00, 0.00, 0.00, 0.00
231, 0.00, -187500.02, -187500.02, -187500.02, -187500.02, 0.00, 0.00, 0.00, 0.00, 0.00, 0.00
232, 0.00, -181838.19, -187500.02, -187500.02, -187500.02, 0.00, 0.00, 0.00, 0.00, 0.00, 0.00
233, 0.00, -187500.02, -187500.02, -187500.02, -187500.02, 0.00, 0.00, 0.00, 0.00, 0.00, 0.00
234, 0.00, -187500.02, -187500.02, -187500.02, -185010.39, 0.00, 0.00, 0.00, 0.00, 0.00, 0.00
235, 0.00, -187500.02, -187500.02, -187500.02, -187500.02, 0.00, 0.00, 0.00, 0.00, 0.00, 0.00
236, 0.00, -181066.78, -187500.02, -187500.02, -187500.02, 0.00, 0.00, 0.00, 0.00, 0.00, 0.00
237, 0.00, -187500.02, -187500.02, -187500.02, -187500.02, 0.00, 0.00, 0.00, 0.00, 0.00, 0.00
238, 0.00, -187500.02, -187500.02, -187500.02, -183833.30, 0.00, 0.00, 0.00, 0.00, 0.00, 0.00
239, 0.00, -187500.02, -187500.02, -187500.02, -187500.02, 0.00, 0.00, 0.00, 0.00, 0.00, 0.00
240, 0.00, -181057.70, -187500.02, -187500.02, -187500.02, 0.00, 0.00, 0.00, 0.00, 0.00, 0.00
241, 0.00, -187500.02, -187500.02, -187500.02, -187500.02, 0.00, 0.00, 0.00, 0.00, 0.00, 0.00
242, 0.00, -187500.02, -187500.02, -187500.02, -184135.63, 0.00, 0.00, 0.00, 0.00, 0.00, 0.00
243, 0.00, -187500.02, -187500.02, -187500.02, -187500.02, 0.00, 0.00, 0.00, 0.00, 0.00, 0.00
244, 0.00, -181988.80, -187500.02, -187500.02, -187500.02, 0.00, 0.00, 0.00, 0.00, 0.00, 0.00
245, 0.00, -187013.06, -187500.02, -187500.02, -187500.02, 0.00, 0.00, 0.00, 0.00, 0.00, 0.00
246, 0.00, -187500.02, -187500.02, -187500.02, -185912.50, 0.00, 0.00, 0.00, 0.00, 0.00, 0.00
247, 0.00, -187500.02, -187500.02, -187500.02, -187500.02, 0.00, 0.00, 0.00, 0.00, 0.00, 0.00
248, 0.00, -183684.94, -187500.02, -187500.02, -187500.02, 0.00, 0.00, 0.00, 0.00, 0.00, 0.00
249, 0.00, -184598.41, -187500.02, -187500.02, -187500.02, 0.00, 0.00, 0.00, 0.00, 0.00, 0.00
250, 0.00, -187500.02, -187500.02, -187500.02, -187500.02, 0.00, 0.00, 0.00, 0.00, 0.00, 0.00
251, 0.00, -187500.02, -187500.02, -187500.02, -187500.02, 0.00, 0.00, 0.00, 0.00, 0.00, 0.00
252, 0.00, -186077.23, -187500.02, -187500.02, -187500.02, 0.00, 0.00, 0.00, 0.00, 0.00, 0.00
253, 0.00, -182738.83, -187500.02, -187500.02, -187500.02, 0.00, 0.00, 0.00, 0.00, 0.00, 0.00
254, 0.00, -187500.02, -187500.02, -187500.02, -187500.02, 0.00, 0.00, 0.00, 0.00, 0.00, 0.00
255, 0.00, -187500.02, -187500.02, -187500.02, -186450.98, 0.00, 0.00, 0.00, 0.00, 0.00, 0.00
0, 0.00, -187500.02, -187500.02, -187500.02, -187500.02, 0.00, 0.00, 0.00, 0.00, 0.00, 0.00
1, 0.00, -181457.02, -187500.02, -187500.02, -187500.02, 0.00, 0.00, 0.00, 0.00, 0.00, 0.00
2, 0.00, -187500.02, -187500.02, -187500.02, -187500.02, 0.00, 0.00, 0.00, 0.00, 0.00, 0.00
3, 0.00, -187500.02, -187500.02, -187500.02, -184490.27, 0.00, 0.00, 0.00, 0.00, 0.00, 0.00
4, 0.00, -187500.02, -187500.02, -187500.02, -187500.02, 0.00, 0.00, 0.00, 0.00, 0.00, 0.00
5, 0.00, -180938.03, -187500.02, -187500.02, -187500.02, 0.00, 0.00, 0.00, 0.00, 0.00, 0.00
6, 0.00, -187500.02, -187500.02, -187500.02, -187500.02, 0.00, 0.00, 0.00, 0.00, 0.00, 0.00
7, 0.00, -187500.02, -187500.02, -187500.02, -183804.77, 0.00, 0.00, 0.00, 0.00, 0.00, 0.00
8, 0.00, -187500.02, -187500.02, -187500.02, -187500.02, 0.00, 0.00, 0.00, 0.00, 0.00, 0.00
9, 0.00, -181277.42, -187500.02, -187500.02, -187500.02, 0.00, 0.00, 0.00, 0.00, 0.00, 0.00
10, 0.00, -187500.02, -187500.02, -187500.02, -187500.02, 0.00, 0.00, 0.00, 0.00, 0.00, 0.00
11, 0.00, -187500.02, -187500.02, -187500.02, -184594.88, 0.00, 0.00, 0.00, 0.00, 0.00, 0.00
12, 0.00, -187500.02, -187500.02, -187500.02, -187500.02, 0.00, 0.00, 0.00, 0.00, 0.00, 0.00
13, 0.00, -182465.64, -187500.02, -187500.02, -187500.02, 0.00, 0.00, 0.00, 0.00, 0.00, 0.00
14, 0.00, -186109.02, -187500.02, -187500.02, -187500.02, 0.00, 0.00, 0.00, 0.00, 0.00, 0.00
15, 0.00, -187500.02, -187500.02, -187500.02, -186839.55, 0.00, 0.00, 0.00, 0.00, 0.00, 0.00
16, 0.00, -187500.02, -187500.02, -187500.02, -187500.02, 0.00, 0.00, 0.00, 0.00, 0.00, 0.00
17, 0.00, -184452.89, -187500.02, -187500.02, -187500.02, 0.00, 0.00, 0.00, 0.00, 0.00, 0.00
18, 0.00, -183862.63, -187500.02, -187500.02, -187500.02, 0.00, 0.00, 0.00, 0.00, 0.00, 0.00
19, 0.00, -187500.02, -187500.02, -187500.02, -187500.02, 0.00, 0.00, 0.00, 0.00, 0.00, 0.00
20, 0.00, -187500.02, -187500.02, -187500.02, -187500.02, 0.00, 0.00, 0.00, 0.00, 0.00, 0.00
21, 0.00, -186933.91, -187500.02, -187500.02, -187500.02, 0.00, 0.00, 0.00, 0.00, 0.00, 0.00
22, 0.00, -182133.72, -187500.02, -187500.02, -187500.02, 0.00, 0.00, 0.00, 0.00, 0.00, 0.00
23, 0.00, -187500.02, -187500.02, -187500.02, -187500.02, 0.00, 0.00, 0.00, 0.00, 0.00, 0.00
24, 0.00, -187500.02, -187500.02, -187500.02, -185667.59, 0.00, 0.00, 0.00, 0.00, 0.00, 0.00
25, 0.00, -187500.02, -187500.02, -187500.02, -187500.02, 0.00, 0.00, 0.00, 0.00, 0.00, 0.00
26, 0.00, -181156.50, -187500.02, -187500.02, -187500.02, 0.00, 0.00, 0.00, 0.00, 0.00, 0.00
27, 0.00, -187500.02, -187500.02, -187500.02, -187500.02, 0.00, 0.00, 0.00, 0.00, 0.00, 0.00
28, 0.00, -187500.02, -187500.02, -187500.02, -184119.45, 0.00, 0.00, 0.00, 0.00, 0.00, 0.00
29, 0.00, -187500.02, -187500.02, -187500.02, -187500.02, 0.00, 0.00, 0.00, 0.00, 0.00, 0.00
30, 0.00, -180965.28, -187500.02, -187500.02, -187500.02, 0.00, 0.00, 0.00, 0.00, 0.00, 0.00
31, 0.00, -187500.02, -187500.02, -187500.02, -187500.02, 0.00, 0.00, 0.00, 0.00, 0.00, 0.00
32, 0.00, -187500.02, -187500.02, -187500.02, -183955.16, 0.00, 0.00, 0.00, 0.00, 0.00, 0.00
33, 0.00, -187500.02, -187500.02, -187500.02, -187500.02, 0.00, 0.00, 0.00, 0.00, 0.00, 0.00
34, 0.00, -181628.08, -187500.02, -187500.02, -187500.02, 0.00, 0.00, 0.00, 0.00, 0.00, 0.00
35, 0.00, -187500.02, -187500.02, -187500.02, -187500.02, 0.00, 0.00, 0.00, 0.00, 0.00, 0.00
36, 0.00, -187500.02, -187500.02, -187500.02, -185240.39, 0.00, 0.00, 0.00, 0.00, 0.00, 0.00
37, 0.00, -187500.02, -187500.02, -187500.02, -187500.02, 0.00, 0.00, 0.00, 0.00, 0.00, 0.00
38, 0.00, -183096.00, -187500.02, -187500.02, -187500.02, 0.00, 0.00, 0.00, 0.00, 0.00, 0.00
39, 0.00, -185323.67, -187500.02, -187500.02, -187500.02, 0.00, 0.00, 0.00, 0.00, 0.00, 0.00
40, 0.00, -187500.02, -187500.02, -187500.02, -187500.02, 0.00, 0.00, 0.00, 0.00, 0.00, 0.00
41, 0.00, -187500.02, -187500.02, -187500.02, -187500.02, 0.00, 0.00, 0.00, 0.00, 0.00, 0.00
42, 0.00, -185253.98, -187500.02, -187500.02, -187500.02, 0.00, 0.00, 0.00, 0.00, 0.00, 0.00
43, 0.00, -183219.33, -187500.02, -187500.02, -187500.02, 0.00, 0.00, 0.00, 0.00, 0.00, 0.00
44, 0.00, -187500.02, -187500.02, -187500.02, -187500.02, 0.00, 0.00, 0.00, 0.00, 0.00, 0.00
45, 0.00, -187500.02, -187500.02, -187500.02, -187319.70, 0.00, 0.00, 0.00, 0.00, 0.00, 0.00
46, 0.00, -187500.02, -187500.02, -187500.02, -187500.02, 0.00, 0.00, 0.00, 0.00, 0.00, 0.00
47, 0.00, -181723.61, -187500.02, -187500.02, -187500.02, 0.00, 0.00, 0.00, 0.00, 0.00, 0.00
48, 0.00, -187500.02, -187500.02, -187500.02, -187500.02, 0.00, 0.00, 0.00, 0.00, 0.00, 0.00
49, 0.00, -187500.02, -187500.02, -187500.02, -184946.38, 0.00, 0.00, 0.00, 0.00, 0.00, 0.00
50, 0.00, -187500.02, -187500.02, -187500.02, -187500.02, 0.00, 0.00, 0.00, 0.00, 0.00, 0.00
51, 0.00, -180984.89, -187500.02, -187500.02, -187500.02, 0.00, 0.00, 0.00, 0.00, 0.00, 0.00
52, 0.00, -187500.02, -187500.02, -187500.02, -187500.02, 0.00, 0.00, 0.00, 0.00, 0.00, 0.00
53, 0.00, -187500.02, -187500.02, -187500.02, -183900.14, 0.00, 0.00, 0.00, 0.00, 0.00, 0.00
54, 0.00, -187500.02, -187500.02, -187500.02, -187500.02, 0.00, 0.00, 0.00, 0.00, 0.00, 0.00
55, 0.00, -181114.08, -187500.02, -187500.02, -187500.02, 0.00, 0.00, 0.00, 0.00, 0.00, 0.00
56, 0.00, -187500.02, -187500.02, -187500.02, -187500.02, 0.00, 0.00, 0.00, 0.00, 0.00, 0.00
57, 0.00, -187500.02, -187500.02, -187500.02, -184212.59, 0.00, 0.00, 0.00, 0.00, 0.00, 0.00
58, 0.00, -187500.02, -187500.02, -187500.02, -187500.02, 0.00, 0.00, 0.00, 0.00, 0.00, 0.00
59, 0.00, -182013.98, -187500.02, -187500.02, -187500.02, 0.00, 0.00, 0.00, 0.00, 0.00, 0.00
60, 0.00, -186880.00, -187500.02, -187500.02, -187500.02, 0.00, 0.00, 0.00, 0.00, 0.00, 0.00
61, 0.00, -187500.02, -187500.02, -187500.02, -185711.81, 0.00, 0.00, 0.00, 0.00, 0.00, 0.00
62, 0.00, -187500.02, -187500.02, -187500.02, -187500.02, 0.00, 0.00, 0.00, 0.00, 0.00, 0.00
63, 0.00, -183781.13, -187500.02, -187500.02, -187500.02, 0.00, 0.00, 0.00, 0.00, 0.00, 0.00
64, 0.00, -184502.72, -187500.02, -187500.02, -187500.02, 0.00, 0.00, 0.00, 0.00, 0.00, 0.00
65, 0.00, -187500.02, -187500.02, -187500.02, -187500.02, 0.00, 0.00, 0.00, 0.00, 0.00, 0.00
66, 0.00, -187500.02, -187500.02, -187500.02, -187500.02, 0.00, 0.00, 0.00, 0.00, 0.00, 0.00
67, 0.00, -186091.91, -187500.02, -187500.02, -187500.02, 0.00, 0.00, 0.00, 0.00, 0.00, 0.00
68, 0.00, -182589.98, -187500.02, -187500.02, -187500.02, 0.00, 0.00, 0.00, 0.00, 0.00, 0.00
69, 0.00, -187500.02, -187500.02, -187500.02, -187500.02, 0.00, 0.00, 0.00, 0.00, 0.00, 0.00
70, 0.00, -187500.02, -187500.02, -187500.02, -186150.19, 0.00, 0.00, 0.00, 0.00, 0.00, 0.00
71, 0.00, -187500.02, -187500.02, -187500.02, -187500.02, 0.00, 0.00, 0.00, 0.00, 0.00, 0.00
72, 0.00, -181373.16, -187500.02, -187500.02, -187500.02, 0.00, 0.00, 0.00, 0.00, 0.00, 0.00
73, 0.00, -187500.02, -187500.02, -187500.02, -187500.02, 0.00, 0.00, 0.00, 0.00, 0.00, 0.00
74, 0.00, -187500.02, -187500.02, -187500.02, -184219.98, 0.00, 0.00, 0.00, 0.00, 0.00, 0.00
75, 0.00, -187500.02, -187500.02, -187500.02, -187500.02, 0.00, 0.00, 0.00, 0.00, 0.00, 0.00
76, 0.00, -180933.94, -187500.02, -187500.02, -187500.02, 0.00, 0.00, 0.00, 0.00, 0.00, 0.00
77, 0.00, -187500.02, -187500.02, -187500.02, -187500.02, 0.00, 0.00, 0.00, 0.00, 0.00, 0.00
78, 0.00, -187500.02, -187500.02, -187500.02, -183823.58, 0.00, 0.00, 0.00, 0.00, 0.00, 0.00
79, 0.00, -187500.02, -187500.02, -187500.02, -187500.02, 0.00, 0.00, 0.00, 0.00, 0.00, 0.00
80, 0.00, -181308.16, -187500.02, -187500.02, -187500.02, 0.00, 0.00, 0.00, 0.00, 0.00, 0.00
81, 0.00, -187500.02, -187500.02, -187500.02, -187500.02, 0.00, 0.00, 0.00, 0.00, 0.00, 0.00
82, 0.00, -187500.02, -187500.02, -187500.02, -184724.58, 0.00, 0.00, 0.00, 0.00, 0.00, 0.00
83, 0.00, -187500.02, -187500.02, -187500.02, -187500.02, 0.00, 0.00, 0.00, 0.00, 0.00, 0.00
84, 0.00, -182537.19, -187500.02, -187500.02, -187500.02, 0.00, 0.00, 0.00, 0.00, 0.00, 0.00
85, 0.00, -186055.78, -187500.02, -187500.02, -187500.02, 0.00, 0.00, 0.00, 0.00, 0.00, 0.00
86, 0.00, -187500.02, -187500.02, -187500.02, -186991.47, 0.00, 0.00, 0.00, 0.00, 0.00, 0.00
87, 0.00, -187500.02, -187500.02, -187500.02, -187500.02, 0.00, 0.00, 0.00, 0.00, 0.00, 0.00
